# callgrind format
version: 1
creator: callgrind-3.19.0
pid: 1495
cmd:  ./vector.h
part: 1


desc: I1 cache: 
desc: D1 cache: 
desc: LL cache: 

desc: Timerange: Basic block 0 - 87417
desc: Trigger: Program termination

positions: line
events: Ir
summary: 403852


ob=(1) /usr/lib/x86_64-linux-gnu/ld-linux-x86-64.so.2
fl=(67) ./io/../sysdeps/unix/sysv/linux/stat64.c
fn=(226) stat
28 9
+1 36
cfi=(59) ./io/../sysdeps/unix/sysv/linux/fstatat64.c
cfn=(200) fstatat
calls=9 154 
* 79

fl=(53) ./setjmp/../sysdeps/x86_64/setjmp.S
fn=(178) __sigsetjmp
32 3
+9 3
+1 6
+1 3
+4 3
+1 3
+1 3
+1 3
+1 3
+2 6
+2 3
+1 3
+3 6
+2 3
+19 3
+1 3

fl=(38) ./elf/./elf/dl-hwcaps.c
fn=(112) _dl_important_hwcaps
175 4
+1 1
-1 6
+1 1
-1 1
+1 1
-1 1
+1 1
-1 1
+1 1
cfi=(11) ./elf/./elf/dl-tunables.c
cfn=(28) __tunable_get_val
calls=1 408 
* 20
* 1
+3 1
-1 1
+1 1
-1 1
+1 1
+9 2
-9 1
+8 1
cfi=(19) ./elf/../sysdeps/x86/get-isa-level.h
cfn=(114) _dl_hwcaps_subdirs_active
calls=1 31 
* 39
fi=(40) ./elf/./dl-hwcaps.h
54 1
fe=(38)
188 2
-1 1
fi=(40)
56 1
+32 1
+1 1
+1 1
fe=(38)
-35 2
cfi=(41) ./elf/./elf/dl-hwcaps_split.c
cfn=(120) _dl_hwcaps_split_masked
calls=1 -4 
* 20
* 2
fi=(40)
-1 1
+2 1
-2 1
+34 2
+1 2
+1 1
fe=(38)
-32 1
-1 1
+1 1
+1 1
-1 1
-3 2
cfi=(41)
cfn=(120)
calls=1 -4 
* 28
* 2
cfi=(41)
cfn=(120)
calls=1 -4 
* 231
* 4
+48 3
fi=(29) ./elf/../include/rtld-malloc.h
-47 1
cfi=(28) ./elf/./elf/dl-minimal-malloc.c
cfn=(82) __minimal_malloc
calls=1 -21 
* 24
fe=(38)
+49 2
-2 1
+2 1
fi=(40)
-51 1
fe=(38)
+57 2
-3 1
fi=(40)
-54 1
+2 4
+1 1
fe=(38)
+58 2
cfi=(41)
cfn=(122) _dl_hwcaps_split
calls=1 -90 
* 11
* 1
+2 1
-2 1
fi=(40)
-61 3
+2 1
-2 1
+34 2
+1 5
+1 1
fe=(38)
+40 5
+1 2
+1 1
+1 1
-1 1
-4 2
cfi=(41)
cfn=(120)
calls=1 -77 
* 28
* 2
cfi=(41)
cfn=(120)
calls=1 -77 
* 231
* 4
+8 5
+9 3
+53 2
+1 4
+4 5
+1 1
-1 1
+1 2
+1 2
-2 5
+1 1
-1 1
+1 2
+1 2
-2 5
+5 1
+27 1
-5 1
+5 1
-7 1
+7 2
-7 5
+7 2
-5 1
+1 4
fi=(43) ./elf/../sysdeps/x86/dl-hwcap.h
57 6
fe=(38)
236 3
-3 1
+1 1
cfi=(23) ./string/../sysdeps/x86_64/multiarch/../multiarch/strlen-sse2.S
cfn=(66) strlen
calls=1 101 
* 16
+1 1
-1 1
+1 2
-5 6
+8 3
+2 1
+2 3
-2 1
+1 2
+4 5
+1 1
+3 3
+5 2
-1 2
+4 2
+1 2
+16 2
+7 2
-7 2
+7 1
-7 5
+7 2
fi=(29)
56 1
cfi=(28)
cfn=(82)
calls=1 -21 
* 24
* 1
fe=(38)
282 2
+7 1
+1 1
+1 4
-1 5
+1 1
cfn=(132) copy_hwcaps
calls=1 77 
* 44
+1 5
cfn=(132)
calls=1 77 
* 317
+11 1
-8 1
+1 1
+7 2
+2 1
-2 1
+34 1
-10 1
+10 4
-7 2
+7 2
+10 4
-1 1
+1 2
-1 2
+1 1
-90 2
+86 1
+4 3
-4 4
-3 1
+3 1
cfi=(30) ./string/../sysdeps/x86_64/multiarch/memmove-vec-unaligned-erms.S
cfn=(134) mempcpy
calls=1 206 
* 17
* 2
-3 1
+3 1
cfi=(30)
cfn=(134)
calls=1 206 
* 17
* 2
+3 2
-3 6
+3 5
+1 12
+1 2
-2 1
+2 1
cfi=(30)
cfn=(134)
calls=1 206 
* 14
* 2
-2 2
+5 6
cfi=(30)
cfn=(134)
calls=2 206 
* 28
* 4
+2 16
+6 1
-1 3
+1 7
-1 22
+5 7
+3 2
-3 2
+3 2
-3 4
+3 4
-3 4
+3 4
+1 36
+1 12
-1 12
+1 24
-2 12
+1 24
-1 42
260 1
+1 1
-1 2
+2 1
-1 1
+1 3
-1 2
+2 2
+7 4
370 9
+3 1
+2 2
-1 1
+1 1
-2 2
+2 2
-1 1
-1 2
+5 2
+3 2
-6 2
+2 6
+3 1
+1 2
-6 2
+6 3
+7 7
+1 1
-1 2
+3 2
-3 3
+1 3
-1 6
+3 6
+3 3
-21 1
-59 2
+86 9
254 2

fn=(132)
77 6
+6 2
-6 2
+6 2
-6 4
fi=(40)
-23 2
+2 4
+32 2
+1 2
+1 2
fe=(38)
-8 2
+1 2
-1 1
+1 4
cfi=(30)
cfn=(134)
calls=1 206 
* 12
+4 1
+2 1
+2 1
-3 1
+1 2
+1 2
+1 1
-11 2
cfi=(41)
cfn=(120)
calls=1 -29 
* 28
* 4
cfi=(41)
cfn=(120)
calls=2 -29 
* 251
* 6
+13 12

fl=(7) ./elf/./elf/dl-minimal.c
fn=(428) lookup_malloc_symbol
61 8
+3 4
-3 16
+3 4
-3 4
+3 8
-1 4
+1 12
cfi=(77) ./elf/./elf/dl-lookup.c
cfn=(286) _dl_lookup_symbol_x
calls=4 756 
* 2074
+4 28
+1 28
+2 4
fi=(122) ./elf/./dl-sym-post.h
-30 8
+12 12
fe=(7)
+19 24

fn=(12) __rtld_malloc_init_stubs
43 2
+1 2
+1 2
+1 2
+1 1

fn=(142) strsep
242 6
+2 2
+1 4
+4 47
+7 112
-2 56
+13 1
+4 4
-22 14
+11 14
-11 30

fn=(424) __rtld_malloc_init_real
76 1
+10 1
fi=(121) ./elf/../sysdeps/generic/dl-hash.h
-41 1
fe=(7)
+31 1
fi=(121)
-32 1
fe=(7)
+32 5
+11 1
-1 1
fi=(121)
-43 1
+5 3
+14 4
-17 3
+3 15
+14 20
-17 15
fe=(7)
+46 2
fi=(121)
-24 1
fe=(7)
+22 1
+2 2
fi=(121)
-19 1
fe=(7)
+19 1
cfn=(428)
calls=1 -30 
* 565
+1 3
-1 1
+1 1
cfn=(428)
calls=1 -31 
* 549
+1 3
-1 1
+1 1
cfn=(428)
calls=1 -32 
* 598
+1 3
-1 1
+1 1
cfn=(428)
calls=1 -33 
* 526
+5 1
+1 1
+1 1
+1 1
+1 7

fl=(1) ???
fn=(0) 0x000000000001a8e0
0 2
cfi=(2) ./elf/./elf/rtld.c
cfn=(2) _dl_start
calls=1 519 
0 189161
0 10
cfi=(134) ./elf/./elf/dl-init.c
cfn=(476) _dl_init
calls=1 97 
0 378
0 3
cob=(5) /usr/bin/dash
cfi=(140) ???
cfn=(502) 0x0000000000004760
calls=1 0 
0 214298

fl=(124) ./elf/./elf/dl-lookup-direct.c
fn=(436) check_match
31 21
+1 3
-1 6
+1 9
+1 9
+2 6
+1 6
+12 9
+3 6
+2 9
cfi=(33) ./string/../sysdeps/x86_64/multiarch/../multiarch/strcmp-sse2.S
cfn=(98) strcmp
calls=3 +78 
* 176
* 6
+4 6
+1 18
+1 9
cfi=(33)
cfn=(98)
calls=3 +72 
* 118
+5 6
-24 6
+24 6
-24 3
+24 9

fn=(434) _dl_lookup_direct
74 27
+4 3
-4 3
+1 3
-1 3
+2 6
+2 9
+37 3
-37 9
+1 6
+2 9
+3 25
+2 3
+1 9
-1 3
+1 3
-1 3
+1 3
cfn=(436)
calls=3 -56 
* 447
* 3
+3 6
+3 6
+23 27

fl=(46) ./elf/./elf/dl-debug.c
fn=(194) _dl_debug_update
41 3
-1 6
+4 6
+4 3

fn=(160) _dl_debug_state
117 2

fn=(154) _dl_debug_initialize
56 1
+3 2
+4 1
+22 1
+10 1
-32 2
+1 1
+21 2
+5 2
+1 1
+4 1
-4 1
-1 1
+2 1
+3 1
+4 2
+8 2
-50 3
+39 6

fl=(56) ./io/../sysdeps/unix/sysv/linux/read_nocancel.c
fn=(190) __read_nocancel
26 8
+1 2

fl=(55) ./io/../sysdeps/unix/sysv/linux/open64_nocancel.c
fn=(188) __open_nocancel
31 12
-3 12
+3 72
+8 84
+2 3
-2 27
+2 9

fl=(50) ./string/../string/strcspn.c
fn=(166) strcspn
32 3
+1 3
+1 2
+5 6
+1 4
+1 4
+1 4
+2 1
+3 3
+1 2
-1 6
+1 4
+3 4
+1 4
+1 4
+1 4
+2 3
+6 1
-1 1
+1 1
+2 2
-1 2
+2 1
+2 6
-5 11
-1 11
+1 11
+2 22
-1 22
+2 11
+2 66
+2 1
+1 3
+1 1
-1 1
+1 2

fl=(30)
fn=(86) memcpy
219 16
+6 16
+1 16
+2 9
+1 9
+1 9
+2 6
+1 6
+1 6
+2 6
+80 7
+1 7
+2 1
+4 1
+1 1
+1 1
+1 1
+1 1
+4 1
+2 1
+39 6
+1 6
+1 6
+1 6
+1 6
+7 3
+1 3
+1 3
+1 3
+1 3
+1 3
+1 3
+11 3
+1 3
+2 3
+1 3
+1 3

fn=(134)
206 29
+1 29
+1 29
+17 29
+1 29
+2 5
+1 5
+1 5
+2 4
+1 4
+1 4
+2 4
+80 24
+1 24
+2 8
+4 8
+1 3
+1 3
+1 2
+1 2
+1 2
+1 2
+2 2
+2 3
+6 5
+1 5
+1 5
+1 5
+1 5
+29 16
+1 16
+1 16
+1 16
+1 16
+7 1
+1 1
+1 1
+1 1
+1 1
+1 1
+1 1
+11 1
+1 1
+2 1
+1 1
+1 1

fl=(9) ./elf/../sysdeps/unix/sysv/linux/dl-sysdep.c
fn=(16) _dl_sysdep_start
102 3
+1 1
+3 2
cfn=(18) _dl_sysdep_parse_arguments
calls=1 -28 
* 403
+4 2
cfi=(11)
cfn=(22) __GI___tunables_init
calls=1 282 
* 22266
+3 1
cfi=(13) ./elf/./elf/dl-sort-maps.c
cfn=(26) _dl_sort_maps_init
calls=1 295 
* 30
+2 2
cfi=(14) ./elf/../sysdeps/unix/sysv/linux/brk_call.h
cfn=(30) brk
calls=1 -91 
* 7
fi=(5) ./elf/../sysdeps/x86_64/dl-machine.h
+91 1
cfi=(16) ./elf/../sysdeps/x86/dl-get-cpu-features.c
cfn=(36) _dl_x86_init_cpu_features
calls=1 39 
* 7291
fe=(9)
-84 3
+1 1
cfi=(23)
cfn=(66)
calls=1 -22 
* 16
* 1
+2 2
cfi=(24) ./elf/../misc/sbrk.c
cfn=(68) sbrk
calls=1 -88 
* 14
* 3
+12 3
+3 5
cfi=(2)
cfn=(70) dl_main
calls=1 1351 
* 158371
+3 4

fn=(18)
78 1
+2 1
-2 4
+1 1
+1 1
-1 1
+2 2
+2 1
-2 1
+2 2
-1 1
+1 2
-1 43
+1 86
+7 2
-4 1
+4 54
fi=(10) ./elf/../sysdeps/unix/sysv/linux/dl-parse_auxv.h
-49 1
-9 1
fe=(9)
+54 1
fi=(10)
-54 1
+1 1
+1 1
+7 3
+1 40
+1 40
-2 81
fe=(9)
+52 1
+1 1
+1 1
fi=(10)
-49 1
+1 2
+1 1
+1 1
+1 1
+1 1
+1 1
+2 1
-5 1
-2 1
+1 1
+2 1
+1 1
+3 1
-9 1
+1 1
+6 1
fe=(9)
+42 1
-1 1
+2 1
+1 5

fn=(466) _dl_sysdep_start_cleanup
148 1

fl=(23)
fn=(66)
101 16
+1 16
+1 16
+1 16
+1 16
+1 16
+1 16
+2 16
+2 16
+31 16
+1 16
+1 16
+1 16
+1 16
+1 10
+2 10
+4 6
+1 6
+1 6
+1 6
+1 6
+1 6
+1 6
+1 6
+1 6
+1 6
+1 6
+1 6
+5 48

fl=(24)
fn=(68)
37 4
+3 1
+18 2
+4 2
+16 5

fl=(14)
fn=(30)
24 2
fi=(15) ./elf/../sysdeps/unix/sysv/linux/brk.c
+13 1
+1 2
+6 1
+1 1
fe=(14)

fl=(59)
fn=(200)
154 12
-55 24
+70 28
+1 4
-2 16
+1 16

fl=(2)
fn=(168) do_preload
809 1
+12 1
-12 5
+10 1
-4 1
+6 2
-5 1
+5 2
-10 1
+6 1
+4 1
cfi=(52) ./elf/./elf/dl-error-skeleton.c
cfn=(172) _dl_catch_error
calls=1 225 
* 2389
* 1
+1 3
+8 3
+6 5

fn=(164) handle_preload_list
874 7
+5 1
-5 1
+5 4
-4 1
+10 2
+7 1
182 1
894 2
182 2
896 2
+1 4
cfn=(168)
calls=1 -88 
* 2418
* 1
-18 2
+3 3
cfi=(50)
cfn=(166)
calls=1 32 
* 237
* 1
+1 3
+2 4
cfi=(30)
cfn=(86)
calls=1 219 
* 18
+1 2
+14 9

fn=(256) version_check_doit
676 2
+2 4
cfi=(74) ./elf/./elf/dl-version.c
cfn=(258) _dl_check_all_versions
calls=1 392 
* 4871
* 2
+4 2

fn=(70)
1351 1
196 1
1351 4
2573 1
1351 7
198 1
301 1
+1 1
196 1
+99 3
1362 1
cfi=(25) ./elf/../sysdeps/nptl/dl-tls_init_tp.c
cfn=(72) __tls_pre_init_tp
calls=1 53 
* 16
2552 2
+6 5
-4 1
+4 1
+2 5
cfi=(26) ./elf/./elf/dl-environ.c
cfn=(74) _dl_next_ld_env_entry
calls=1 29 
* 44
* 4
cfi=(26)
cfn=(74)
calls=2 29 
* 248
* 9
+4 6
-2 2
+2 6
+1 2
-1 6
+1 17
-1 89
+9 12
2691 4
+25 2
1378 1
+1 2
-1 2
+1 2
2649 3
+1 3
-56 2
+7 2
1648 8
cfi=(27) ./elf/./elf/dl-object.c
cfn=(76) _dl_new_object
calls=1 59 
* 284
* 1
+2 2
+1 1
+1 1
+5 1
-5 1
+1 1
-2 2
+2 2
+4 1
cfi=(27)
cfn=(90) _dl_add_to_namespace_list
calls=1 31 
* 34
+1 2
1356 1
1121 1
-1 1
+28 1
-21 2
+21 2
-19 1
+1 1
-3 1
+21 2
+57 1
-82 1
+22 1
+4 1
+19 1
+37 2
-57 1
+57 2
-56 102
+56 4
-1 4
+1 8
-1 4
+2 8
+1 1
+2 12
+1 14
+4 8
+1 8
+1 4
+4 12
+3 4
-75 27
-25 3
1259 22
+6 4
cfi=(31) ./elf/./elf/dl-load.c
cfn=(94) _dl_process_pt_gnu_property
calls=1 876 
* 19
-7 26
+1 13
+6 13
-6 26
fi=(32) ./elf/../sysdeps/x86/dl-prop.h
212 4
+1 2
95 8
+10 2
212 1
105 2
-3 1
+3 1
-2 1
+2 2
-4 1
-1 2
+93 4
-1 1
-87 3
+3 3
+1 2
+1 2
+4 3
+4 3
+3 3
+1 2
+4 1
+1 5
+4 2
+1 1
+3 2
+3 1
+1 4
+5 4
+7 2
+16 1
-3 2
+6 4
fe=(2)
1153 1
-5 1
+5 2
-5 2
+30 1
-9 2
+2 1
-3 1
+10 2
+18 2
-38 2
-10 1
+10 1
+1 9
-11 2
+1 14
1252 2
1148 1
1252 2
1148 3
1248 1
1148 1
1248 1
1148 3
1271 4
+3 3
+2 2
1683 3
+2 1
-1 1
+1 2
+1 2
-2 1
+2 1
-2 2
cfi=(33)
cfn=(98)
calls=1 131 
* 24
* 2
+7 1
+3 1
-5 1
+3 1
+2 1
+1 2
+4 2
+2 2
fi=(3) ./elf/./get-dynamic-info.h
39 4
+4 1
+2 3
+9 1
+5 1
-1 1
-3 17
+13 5
-23 20
+23 21
-23 84
+4 52
+5 24
+2 5
+16 4
+43 2
+7 3
+1 4
+6 3
+18 4
+5 2
+2 2
+2 2
+2 2
+1 2
+3 4
+2 3
+1 2
+9 2
+6 2
+1 3
+3 3
fe=(2)
1709 4
+7 2
cfi=(8) ./elf/./elf/dl-setup_hash.c
cfn=(14) _dl_setup_hash
calls=1 28 
* 26
+3 2
fi=(34) ./elf/./setup-vdso.h
24 2
fi=(37) ./elf/./dl-main.h
+88 2
fi=(36) ./elf/../sysdeps/unix/sysv/linux/dl-vdso-setup.h
-67 1
fi=(37)
+67 3
cfi=(31)
cfn=(110) _dl_init_paths
calls=1 706 
* 2911
fe=(2)
1744 3
cfi=(46)
cfn=(154)
calls=1 56 
* 32
+7 1
-7 1
+2 1
+5 1
+4 1
+1 1
+2 1
-3 3
+1 2
+3 1
+11 1
-13 1
+13 1
+1 2
+5 1
-3 2
+2 1
+1 2
+5 3
+1 5
-1 2
223 1
+1 1
-1 1
+1 3
-1 2
+2 2
1799 2
+5 1
-1 1
+1 1
+24 1
cfi=(47) ./elf/../elf/dl-tls.c
cfn=(156) _dl_count_modids
calls=1 199 
* 5
* 1
fi=(48) ./elf/../sysdeps/generic/dl-debug.h
29 4
+1 2
fe=(2)
1834 2
+1 1
cfi=(46)
cfn=(160)
calls=1 117 
* 1
+5 3
cfi=(49) ./elf/./elf/dl-audit.c
cfn=(162) _dl_audit_activity_map
calls=1 29 
* 19
+5 3
+2 1
+2 2
+9 2
+16 4
cfi=(65) ./io/../sysdeps/unix/sysv/linux/access.c
cfn=(216) access
calls=1 27 
* 8
* 2
+76 4
+16 3
84 1
1976 1
84 2
1976 1
84 1
1976 5
84 1
1976 2
cfi=(66) ./elf/./elf/dl-deps.c
cfn=(218) _dl_map_object_deps
calls=1 143 
* 7528
91 1
+9 1
1982 1
91 2
+9 2
1982 2
+1 5
-1 4
+1 6
-1 12
+4 3
+1 2
+1 1
+2 14
+1 6
+46 1
-42 2
+8 3
+1 2
+2 1
+2 3
+2 1
-4 1
+5 1
-1 2
+14 2
+1 2
+1 3
-25 1
+36 2
+2 2
-2 2
+1 2
+1 1
-1 2
+1 1
cfi=(52)
cfn=(254) _dl_receive_error
calls=1 238 
* 4897
+10 1
+1 1
-1 1
+1 1
+3 2
842 1
fi=(222) ./elf/../sysdeps/unix/sysv/linux/dl-osinfo.h
39 2
fe=(2)
844 1
fi=(222)
52 1
fe=(2)
853 1
+7 1
-5 1
2058 3
2257 2
+4 1
-4 1
+10 1
-6 1
+6 1
-6 1
+9 2
+8 2
fi=(32)
36 2
+1 3
+3 3
+13 6
-13 3
+9 6
-9 1
+9 16
+4 15
-16 12
fe=(2)
2289 3
+3 1
84 5
2298 16
+2 8
+5 8
+2 8
+6 4
+2 8
+1 24
cfi=(76) ./elf/./elf/dl-reloc.c
cfn=(278) _dl_relocate_object
calls=3 207 
* 127592
+4 10
+1 2
-23 1
+23 1
cfi=(47)
cfn=(410) _dl_add_to_slotinfo
calls=1 1015 
* 27
-23 3
91 3
+1 1
2330 1
92 1
2330 1
+4 4
+2 1
+7 4
cfi=(47)
cfn=(414) _dl_allocate_tls_init
calls=1 528 
* 140
+3 2
-37 1
+1 1
-3 2
+49 3
+2 2
+33 3
cfi=(125) ./elf/./elf/dl-call-libc-early-init.c
cfn=(440) _dl_call_libc_early_init
calls=1 29 
* 1336
+7 1
cfi=(9)
cfn=(466)
calls=1 148 
* 1
+4 3
cfi=(49)
cfn=(468) _dl_audit_activity_nsid
calls=1 45 
* 8
+5 2
cfi=(46)
cfn=(194)
calls=1 41 
* 6
+1 1
+1 1
cfi=(46)
cfn=(160)
calls=1 117 
* 1
+5 1
cfi=(68) ./elf/./elf/dl-cache.c
cfn=(470) _dl_unload_cache
calls=1 536 
* 16
+5 8
225 3
1784 2
+6 1
-6 2
+6 1
fi=(32)
198 9
+2 1
+1 1
+1 1
-2 1
+3 1
-3 2
+3 1
fi=(3)
59 4
+3 4
+2 4
fi=(35) ./elf/../sysdeps/unix/sysv/linux/dl-vdso.h
-24 2
+1 5
fi=(36)
-11 1
+3 1
+3 1
+3 1
fi=(35)
+16 2
fi=(3)
+17 3
+12 3
+1 5
+1 5
+1 5
+1 4
+1 5
+1 5
+1 5
+12 2
+7 1
-7 7
+7 2
fe=(2)
2650 2
+2 1
+1 1
-1 1
+1 1
+1 1
1754 4
2368 1
cfi=(119) ./elf/./elf/dl-find_object.c
cfn=(416) _dl_find_object_init
calls=1 561 
* 546
+5 3
cfi=(7)
cfn=(424)
calls=1 76 
* 2345
+3 1
cfi=(123) ./elf/../sysdeps/nptl/dl-mutex.c
cfn=(432) __rtld_mutex_init
calls=1 30 
* 430
84 1
2382 1
+1 3
84 3
2383 2
cfi=(76)
cfn=(278)
calls=1 207 
* 4650
91 3
+9 3
2051 2
cfn=(264) init_tls
calls=1 736 
* 765
* 2
2601 2
+2 2
+1 1
1954 1
+1 1
-1 6
+4 3
+1 1
+1 2
+1 2
-7 2
84 1
1853 2
84 3
1853 2
cfn=(164)
calls=1 874 
* 2726
* 1
91 3
+9 3

fn=(264)
736 3
+2 1
+4 1
-4 1
+4 2
+11 1
fi=(29)
44 1
fe=(2)
748 1
+4 1
fi=(29)
44 1
cfi=(28)
cfn=(78) __minimal_calloc
calls=1 +38 
* 34
fe=(2)
763 1
-12 1
+6 1
-9 1
+11 1
+4 1
+2 3
-1 2
+3 8
+4 1
+2 1
-2 2
-5 1
-1 2
+1 3
-1 6
+10 3
+3 2
cfi=(47)
cfn=(266) _dl_tls_static_surplus_init
calls=1 97 
* 76
+3 1
cfi=(47)
cfn=(268) _dl_determine_tlsoffset
calls=1 221 
* 75
+7 1
cfi=(47)
cfn=(270) _dl_allocate_tls_storage
calls=1 422 
* 434
* 1
+1 2
+6 1
+3 2
-3 1
+3 6
+3 1
cfi=(25)
cfn=(274) __tls_init_tp
calls=1 68 
* 71
+1 1
+3 5

fn=(180) map_doit
643 1
+2 1
-2 1
+2 1
+1 2
-1 2
+1 3
cfi=(31)
cfn=(182) _dl_map_object
calls=1 1971 
* 2302
* 1
+2 2

fn=(2)
519 15
84 1
549 1
84 1
545 1
84 1
548 1
84 1
fi=(3)
-39 1
fe=(2)
548 1
fi=(3)
45 2
+23 1
-14 1
+5 1
-1 1
-3 11
+13 3
-23 12
+23 17
-23 68
+4 40
+5 16
+2 5
+3 4
fi=(4) ./elf/../sysdeps/generic/ldsodefs.h
+22 1
fi=(3)
+29 1
-38 3
+12 4
+1 4
+1 4
+1 4
+1 5
+1 4
+1 4
+1 4
+12 7
+7 2
+5 2
+7 1
+1 3
+6 3
+1 3
+3 2
+1 3
+5 3
+3 3
fi=(5)
-70 1
fe=(2)
565 90
fi=(4)
81 1
fe=(2)
565 3
fi=(4)
81 2
fe=(2)
565 40
fi=(5)
273 3
fi=(6) ./elf/./elf/do-rel.h
49 1
fe=(2)
565 1
fi=(6)
50 1
-1 2
+4 1
-3 1
+3 4
+3 2
-7 1
fe=(2)
565 1
fi=(6)
50 1
-1 2
+4 1
-3 1
+3 4
+3 2
+7 7
+2 7
-2 14
fi=(5)
264 7
fi=(6)
64 14
fi=(5)
264 14
+9 56
+3 14
+1 14
+26 21
+4 6
fi=(6)
61 25
fe=(2)
565 6
fi=(6)
51 1
fi=(4)
+30 2
fi=(3)
-19 4
+2 4
fe=(2)
567 1
+13 1
cfi=(7)
cfn=(12)
calls=1 43 
* 9
460 2
84 1
478 2
84 3
478 1
cfi=(8)
cfn=(14)
calls=1 28 
* 26
+2 1
+16 2
-17 1
+11 1
-10 1
+16 1
cfi=(9)
cfn=(16)
calls=1 102 
* 188432
* 1
+2 2
+89 9
-22 3
fi=(3)
103 3
fe=(2)

fl=(68)
fn=(234) search_cache
206 9
+2 1
-2 4
fi=(70) ./elf/../sysdeps/x86/dl-procinfo.h
39 2
+3 3
cfi=(33)
cfn=(98)
calls=1 +89 
* 24
* 4
fe=(68)
211 5
cfi=(11)
cfn=(28)
calls=1 408 
* 20
* 1
+17 2
-12 2
+15 1
-15 4
359 5
228 10
+2 45
+1 9
-37 18
+37 9
+4 18
+4 27
cfn=(238) _dl_cache_libcmp
calls=9 367 
* 637
+1 18
356 8
+1 3
228 6
+8 11
+14 2
+3 2
+2 4
cfn=(238)
calls=1 367 
* 72
* 2
-7 2
-35 3
+1 1
-1 8
+1 1
-1 8
+54 2
+10 2
+1 3
+7 2
fi=(69) ./elf/../sysdeps/generic/dl-cache.h
125 5
fe=(68)
294 2
+9 2
+3 2
+5 1
+1 3
+28 2
+23 9

fn=(470)
536 4
-1 1
+3 2
cfi=(117) ./misc/../sysdeps/unix/syscall-template.S
cfn=(472) munmap
calls=1 117 
* 5
+1 1
+4 1
+2 2

fn=(238)
367 10
+1 33
+4 48
-2 48
+2 48
-2 96
+20 94
+2 94
-24 38
+28 38
+1 38
-29 76
+32 3
-28 2
+8 1
-2 2
+1 2
+1 2
-2 1
+2 1
+2 3
-3 1
+3 1
+2 2
+9 27

fn=(228) _dl_load_cache_lookup
413 5
+2 2
+3 3
+74 3
+3 5
cfn=(234)
calls=1 206 
* 1046
* 1
+15 2
+4 2
+8 2
cfi=(23)
cfn=(66)
calls=1 101 
* 34
+2 1
-2 1
+1 5
+1 1
cfi=(30)
cfn=(86)
calls=1 219 
* 10
* 1
+1 1
cfi=(45) ./string/./string/strdup.c
cfn=(148) strdup
calls=1 40 
* 85
+1 3
421 5
cfi=(54) ./elf/./elf/dl-misc.c
cfn=(230) _dl_sysdep_read_whole_file
calls=1 36 
* 83
* 1
+8 6
+1 8
+3 3
+1 1
-1 3
fi=(69)
194 1
+1 5
fe=(68)
441 1
+1 2

fl=(33)
fn=(262) strncmp
125 1
+1 1
+1 1
+1 1
+1 1
+2 1
+1 1
+2 1
+1 1
+21 1
+1 1
+1 1
+1 1
+1 1
+1 1
+1 1
+1 1
+17 1
+1 1
+1 1
+1 1
+1 1
+1 1
+1 1
2104 1
+3 1
+1 1
+2 1
+1 1
+8 1
+1 1

fn=(98)
131 348
+1 348
+2 348
+1 348
+21 348
+1 348
+1 306
+1 306
+1 277
+1 277
+1 277
+1 277
+17 277
+1 277
+1 277
+1 277
+1 277
+1 277
+1 277
+5 14
+1 14
+9 14
+1 14
+1 14
+1 14
+1 14
+1 14
+1 14
+1 14
-7 71
+1 71
+1 71
+1 71
+1 71
+1 71
+1 71
+1 71
+1 79
+1 47
+1 47
+1 47
+2 47
+1 47
+1 47
+1 47
+1 47
+1 47
-5 32
+1 32
+1 32
+1 32
+1 32
+1 32
+10 6
+1 6
+1 6
+2 6
+6 6
+1 6
+1 6
+1 6
+1 6
+5 6
+2 4
+1 4
+1 8
+8 4
+1 4
+3 4
+1 4
+1 4
+1 4
+1 4
+1 4
+31 4
+1 4
+1 4
+1 4
+1 4
+2 4
+1 4
+1 4
+1 4
+1 4
+1 4
+1 4
+1 4
+3 4
+1 4
+1 4
+6 4
+1 4
+1 8
+4 4
+1 4
+3 4
+1 4
+1 4
+2 4
+1 4
+1 4
+4 4
+1 4
+1 4
+1 4
+1 4
+1 4
+75 2
+1 2
+1 2
+1 2
+1 2
+2 2
+1 2
+1 2
+1 2
+1 2
+1 2
+1 2
+1 2
+3 2
+1 2
+1 2
+6 2
+1 2
+1 4
+4 2
+1 2
+3 1
+1 1
+1 1
+2 1
+1 1
+1 1
+4 1
+1 1
+1 1
+1 1
+1 1
+1 1
+41 1
+1 1
+1 1
+1 1
+13 1
+1 1
+1 1
+1 1
661 5
+1 5
+1 5
+1 5
+1 5
+2 5
+1 5
+1 5
+1 5
+1 5
+1 5
+1 5
+1 5
+4 5
+1 5
+1 5
+6 5
+1 5
+1 10
+4 5
+1 5
+3 5
+1 5
+1 5
+2 5
+1 5
+1 5
+4 5
+1 5
+1 5
+1 5
+1 5
+1 5
+7 1
+1 1
+2 1
+1 1
+2 1
+1 1
+1 1
+2 1
+1 1
+1 1
+4 1
+1 1
+1 1
+1 1
+1 1
+1 1
+41 4
+1 4
+1 4
+1 4
+1 4
+2 4
+1 4
+1 4
+1 4
+1 4
+1 4
+1 4
+1 4
+4 4
+1 4
+1 4
+6 4
+1 4
+1 8
+4 4
+1 4
+3 4
+1 4
+1 4
+2 4
+1 4
+1 4
+4 4
+1 4
+1 4
+1 4
+1 4
+1 4
+69 17
+1 17
+1 17
+1 17
+1 17
+2 17
+1 17
+1 17
+1 17
+1 17
+1 17
+1 17
+1 16
+4 16
+1 16
+1 16
+6 16
+1 16
+1 32
+4 16
+1 16
+3 16
+1 16
+1 16
+2 16
+1 16
+1 16
+4 16
+1 16
+1 16
+1 16
+1 16
+1 16
+69 3
+1 3
+1 3
+1 3
+1 3
+2 3
+1 3
+1 3
+1 3
+1 3
+1 3
+1 3
+1 3
+4 3
+1 3
+1 3
+6 3
+1 3
+1 6
+4 3
+1 3
+3 3
+1 3
+1 3
+2 3
+1 3
+1 3
+4 3
+1 3
+1 3
+1 3
+1 3
+1 3
+69 4
+1 4
+1 4
+1 4
+1 4
+2 4
+1 4
+1 4
+1 4
+1 4
+1 4
+1 4
+1 3
+4 3
+1 3
+1 3
+6 3
+1 3
+1 6
+4 3
+1 3
+3 3
+1 3
+1 3
+2 3
+1 3
+1 3
+4 3
+1 3
+1 3
+1 3
+1 3
+1 3
+69 1
+1 1
+1 1
+1 1
+1 1
+2 1
+1 1
+1 1
+1 1
+1 1
+1 1
+1 1
+1 1
+4 1
+1 1
+1 1
+6 1
+1 1
+1 2
+4 1
+1 1
+3 1
+1 1
+1 1
+2 1
+1 1
+1 1
+4 1
+1 1
+1 1
+1 1
+1 1
+1 1
+69 4
+1 4
+1 4
+1 4
+1 4
+2 4
+1 4
+1 4
+1 4
+1 4
+1 4
+1 4
+1 1
+4 1
+1 1
+1 1
+6 1
+1 1
+1 2
+4 1
+1 1
+3 1
+1 1
+1 1
+2 1
+1 1
+1 1
+4 1
+1 1
+1 1
+1 1
+1 1
+1 1
+69 7
+1 7
+1 7
+1 7
+1 7
+2 7
+1 7
+1 7
+1 7
+1 7
+1 7
+1 7
+1 6
+4 6
+1 6
+1 6
+6 6
+1 6
+1 12
+4 6
+1 6
+3 6
+1 6
+1 6
+2 6
+1 6
+1 6
+4 6
+1 6
+1 6
+1 6
+1 6
+1 6
+69 12
+1 12
+1 12
+1 12
+1 12
+2 12
+1 12
+1 12
+1 12
+1 12
+1 12
+1 12
+1 8
+4 8
+1 8
+1 8
+6 8
+1 8
+1 16
+4 8
+1 8
+3 8
+1 8
+1 8
+2 8
+1 8
+1 8
+4 8
+1 8
+1 8
+1 8
+1 8
+1 8
+69 4
+1 4
+1 4
+1 4
+1 4
+2 4
+1 4
+1 4
+1 4
+1 4
+1 4
+1 4
+1 1
+4 1
+1 1
+1 1
+6 1
+1 1
+1 2
+4 1
+1 1
+3 1
+1 1
+1 1
+2 1
+1 1
+1 1
+4 1
+1 1
+1 1
+1 1
+1 1
+1 1
+69 8
+1 8
+1 8
+1 8
+1 8
+2 8
+1 8
+1 8
+1 8
+1 8
+1 8
+1 8
+1 6
+4 6
+1 6
+1 6
+6 6
+1 6
+1 12
+4 6
+1 6
+3 6
+1 6
+1 6
+2 6
+1 6
+1 6
+4 6
+1 6
+1 6
+1 6
+1 6
+1 6
+69 4
+1 4
+1 4
+1 4
+1 4
+2 4
+1 4
+1 4
+1 4
+1 4
+1 4
+1 4
+2 1
+4 1
+1 1
+1 1
+6 1
+1 1
+2 2
+4 1
+1 1
+3 1
+1 1
+1 1
+2 1
+1 1
+1 1
+4 1
+1 1
+1 1
+1 1
+1 1
+1 1
+64 1
+1 1
+1 1
+1 2
+4 1
+2 1
+1 1
+1 1
+1 1
-5 64
+2 64
+1 64
+1 64
+1 64
-3 20
+1 20
+1 20
+1 20
+1 94
+5 47
+6 47
+1 47
+8 47
+1 47
-16 301
+6 301
+1 301
+8 301
+1 301

fl=(71) ./io/../sysdeps/unix/sysv/linux/pread64_nocancel.c
fn=(242) __pread64_nocancel
25 2
+1 8
+1 2

fl=(41)
fn=(126) _dl_hwcaps_contains
67 6
+1 3
+9 3

fn=(122)
25 45
+1 45
+4 36
+4 48
+1 12
-1 24
+2 24
+5 27
cfi=(42) ./string/../sysdeps/x86_64/multiarch/../multiarch/strchr-sse2.S
cfn=(124) index
calls=9 -8 
* 207
+4 18
-3 18
+1 6
+3 6
+1 42
-20 6
+20 18
-4 6
cfi=(23)
cfn=(66)
calls=3 +58 
* 48
* 3
+3 3
-3 6

fn=(120)
51 24
+3 16
cfn=(122)
calls=8 -29 
* 229
* 12
cfn=(122)
calls=6 -29 
* 408
* 28
+2 9
+1 27
+1 30
cfn=(126)
calls=3 +9 
* 12
* 6
+4 16

fl=(25)
fn=(274)
68 1
fi=(223) ./elf/../include/list.h
-24 1
fe=(25)
+24 1
fi=(223)
-25 1
fe=(25)
+26 1
+3 1
fi=(223)
-29 1
+1 1
+1 1
+2 1
fe=(25)
+28 4
+1 2
+1 1
+5 2
+5 1
+6 1
-3 1
+3 1
-6 3
+6 1
+13 3
fi=(75) ./elf/../sysdeps/unix/sysv/linux/rseq-internal.h
-72 1
fe=(25)
+72 1
cfi=(11)
cfn=(28)
calls=1 408 
* 19
fi=(75)
-74 3
+2 6
+3 2
+3 1
fe=(25)
+83 3
+7 2
+1 3

fn=(72)
53 2
+3 8
+5 1
-5 1
+5 1
+1 1
-6 1
+8 1

fn=(92) rtld_mutex_dummy
44 16

fl=(132) ./elf/./elf/dl-runtime.c
fn=(460) _dl_fixup
46 14
+2 10
+1 2
+6 2
fi=(224) ./elf/../sysdeps/x86_64/dl-runtime.h
-27 2
fe=(132)
+21 2
+5 2
+1 2
-6 2
+6 4
+1 2
+2 2
-2 2
+2 2
-2 10
+7 4
+4 4
+4 6
+4 6
+1 8
+1 6
+8 2
-1 2
+1 4
+10 20
cfi=(77)
cfn=(286)
calls=2 756 
* 1342
* 2
+4 10
+10 20
+15 8
+9 6
+26 6
fi=(5)
+61 2
fe=(132)
-57 12
-1 4

fl=(52)
fn=(254)
238 5
+1 1
+1 1
+3 1
+1 1
+2 1
cfi=(2)
cfn=(256)
calls=1 676 
* 4881
+2 1
+1 1
+1 4

fn=(176) _dl_catch_exception
175 3
+5 3
-5 9
+5 3
-2 6
+21 3
+7 6
-7 3
+1 6
+3 6
+3 3
cfi=(53)
cfn=(178)
calls=3 32 
* 57
* 6
+2 9
cfi=(66)
cfn=(220) openaux
calls=2 61 
* 5924
cfi=(2)
cfn=(180)
calls=1 643 
* 2316
+2 3
-1 3
+1 3
-1 3
+1 6
-25 3
+34 6

fn=(172)
225 9
+2 2
cfn=(176)
calls=1 -52 
* 2366
* 1
+1 2
+1 1
+1 1
-1 1
+1 1
+2 5

fl=(60) ./misc/../sysdeps/unix/sysv/linux/mmap64.c
fn=(202) mmap
47 12
+3 24
+8 48
+2 12

fl=(45)
fn=(148)
40 12
+1 3
cfi=(23)
cfn=(66)
calls=3 +60 
* 84
* 3
fi=(225) ./string/../include/rtld-malloc.h
+15 6
cfi=(28)
cfn=(82)
calls=3 -21 
* 72
fe=(45)
-12 6
+4 3
-1 9
+1 6
-1 3
cfi=(30)
cfn=(86)
calls=3 219 
* 38

fl=(74)
fn=(260) _dl_check_map_versions
155 28
+15 4
-15 4
+15 8
+2 16
+2 4
+1 4
+2 8
+3 4
-16 4
+20 2
-28 2
+24 2
+4 12
+16 4
36 2
200 2
36 12
+1 5
-1 10
+2 21
cfi=(54)
cfn=(184) _dl_name_match_p
calls=7 +30 
* 570
* 14
204 4
+4 6
+5 2
fi=(226) ./elf/../sysdeps/generic/_itoa.h
76 6
fe=(74)
213 4
+4 4
+1 4
-1 2
+4 2
-3 2
+3 2
-3 6
-1 18
+1 18
-1 9
+4 9
-3 9
+3 9
-3 67
56 44
+8 33
+6 33
+16 11
+1 22
+2 11
+5 99
+14 270
+12 372
+4 124
-30 248
231 44
+3 33
+5 9
-24 9
110 11
+3 44
cfi=(33)
cfn=(98)
calls=11 +18 
* 500
* 33
224 44
+4 4
+15 6
+14 10
+3 4
+3 14
+3 6
+4 44
-7 176
+3 134
+8 6
+6 6
fi=(29)
44 3
fe=(74)
280 6
fi=(29)
44 3
cfi=(28)
cfn=(78)
calls=3 +38 
* 102
fe=(74)
281 6
-2 3
fi=(29)
44 3
fe=(74)
281 3
+13 3
-3 3
+3 12
+2 6
+3 8
+4 6
+18 9
-15 9
+2 9
-2 9
+2 9
-2 9
+2 18
-2 2
+2 2
-2 2
+2 2
-2 2
+2 4
+2 11
+1 11
-1 33
+1 11
+1 11
-2 11
+2 22
+1 33
+3 33
+8 6
+10 4
+3 4
+20 44
-14 92
-2 44
+6 44
+1 44
+1 44
-1 132
+1 44
-1 44
+1 44
+1 44
+3 138
+12 4
+1 4
+1 4
+1 2
+19 36
164 2
-8 2
257 5
+17 3
+60 2
-40 2
+76 4
+2 4
+4 2
-4 104
+1 52
+2 1
+1 2
-1 1
+1 1
cfi=(33)
cfn=(262)
calls=1 125 
* 31
* 2

fn=(258)
392 5
+4 5
-2 2
+4 24
cfn=(260)
calls=4 155 
* 4800
-2 4
+2 12
-1 4
-1 8
+5 7

fl=(119)
fn=(416)
561 3
+3 1
+2 2
+13 1
cfn=(420) _dlfo_process_initial
calls=1 474 
* 78
+1 1
-1 1
+1 1
fi=(29)
56 1
cfi=(28)
cfn=(82)
calls=1 -21 
* 24
fe=(119)
580 1
fi=(29)
56 1
fe=(119)
582 2
+3 2
+5 1
+1 1
cfn=(420)
calls=1 474 
* 259
+3 3
+10 4
-37 2
cfi=(120) ./elf/./dl-find_object.h
cfn=(418) _dl_find_object_from_map
calls=1 95 
* 68
* 1
+29 2
cfn=(422) _dlfo_sort_mappings
calls=1 -59 
* 79
+3 6
+2 1

fn=(420)
474 2
+3 2
-3 2
+1 2
+3 4
+26 14
+1 6
+1 8
-1 16
+3 28
+3 24
-7 8
+25 2
+2 8
-18 18
+3 6
-1 6
cfi=(120)
cfn=(418)
calls=3 95 
* 169
+2 12

fn=(422)
537 2
+3 4
+4 1
+1 1
-1 1
+1 2
-1 1
+1 1
-1 1
+1 6
+1 19
-1 9
+8 6
+1 4
-1 2
-13 4
+14 6
+1 4
-15 4
+17 1

fl=(17) ./elf/../sysdeps/x86/cpu-features.c
fn=(44) update_active.constprop.0
43 7
+4 1
+28 1
+9 1
-27 1
-1 1
-1 1
+25 1
-4 1
-20 1
+20 1
-11 1
+22 1
-32 2
+25 1
-14 1
-10 1
+20 1
+7 1
-18 1
+15 1
+8 1
-14 1
+27 1
-36 1
+18 1
+4 1
-4 1
+5 1
+4 1
+1 1
-19 1
+13 1
+5 2
-27 1
+28 2
+1 1
+7 1
-27 1
+6 1
+14 1
-11 1
+18 1
-7 1
-7 1
+5 1
+3 1
+2 1
-2 1
+3 1
-1 2
+1 2
+3 2
-4 1
+4 1
+8 2
+4 2
+2 4
+96 1
-1 2
+4 3
+4 1
-4 1
+4 1
+67 3
+4 3
fi=(19)
31 1
-3 1
+3 1
-1 2
fe=(17)
296 1
+1 8
-75 3
+1 2
+3 1
-1 1
+9 1
-5 1
+2 1
-2 1
+5 1
fi=(19)
32 3
+4 3
fe=(17)
+83 2
+2 1
+3 2
+10 1
+10 2
-10 1
+10 1
-10 2
+6 4
+2 4
+7 4
+49 1
+12 1
-12 2
fi=(19)
39 3
+1 4
+5 1
-7 1
+7 3
+2 1
+1 2
+3 5
+2 4
fe=(17)
+78 1
-5 2
+4 1

fn=(38) init_cpu_features.constprop.0
399 1
+16 1
-16 6
+3 1
+1 1
+1 1
+11 2
+3 6
687 3
+1 1
+3 2
+1 1
+6 1
+1 1
+1 1
+1 1
fi=(20) ./elf/../sysdeps/x86/dl-cacheinfo.h
+5 1
+1 1
+2 1
+14 2
851 1
+1 1
-4 1
+39 1
-38 1
+2 1
+2 1
-1 1
+2 1
+34 1
-35 1
+2 1
+33 1
+22 1
-56 1
+2 1
-6 1
+61 1
-56 1
+1 1
+1 1
+1 1
+1 1
+51 1
+26 2
+8 2
-8 1
+8 3
cfi=(11)
cfn=(28)
calls=1 408 
* 20
* 1
+5 2
-3 2
+3 2
cfi=(11)
cfn=(28)
calls=1 408 
* 20
* 1
+5 2
-3 2
+3 2
cfi=(11)
cfn=(28)
calls=1 408 
* 20
* 1
+1 5
-56 7
+72 1
-12 5
+10 1
-10 1
cfi=(11)
cfn=(28)
calls=1 408 
* 20
* 1
+7 2
-5 2
+5 2
cfi=(11)
cfn=(28)
calls=1 408 
* 20
+3 3
-3 1
+3 3
-3 1
+3 2
cfi=(11)
cfn=(58) __GI___tunable_set_val
calls=1 158 
* 45
+1 8
cfi=(11)
cfn=(58)
calls=1 158 
* 45
+1 10
cfi=(11)
cfn=(58)
calls=1 158 
* 45
+3 10
cfi=(11)
cfn=(58)
calls=1 158 
* 45
+2 9
cfi=(11)
cfn=(58)
calls=1 158 
* 45
+10 2
+7 1
+3 1
-1 1
fe=(17)
706 2
fi=(20)
986 1
+6 1
-6 1
+10 1
-2 1
+3 1
fe=(17)
706 1
fi=(20)
995 1
fe=(17)
706 1
cfi=(11)
cfn=(28)
calls=1 408 
* 18
+4 3
+14 1
-1 2
+1 3
+47 1
-1 1
+1 1
874 8
fi=(20)
+44 10
fe=(17)
775 3
+27 1
+72 1
-82 2
+1 3
+2 3
+1 2
+2 1
+1 1
-1 3
fi=(20)
-73 2
cfn=(50) handle_intel.constprop.0
calls=1 255 
* 450
+1 1
-1 1
+1 1
cfn=(50)
calls=1 255 
* 494
+1 1
-1 2
+1 1
cfn=(50)
calls=1 255 
* 521
+4 1
-4 2
+1 1
+3 1
cfn=(50)
calls=1 255 
* 469
+2 1
-2 1
+2 1
cfn=(50)
calls=1 255 
* 461
+3 1
-2 1
-1 1
+3 1
cfn=(50)
calls=1 255 
* 441
+2 1
-2 1
+2 1
cfn=(50)
calls=1 255 
* 442
+3 1
-2 1
-1 1
+3 1
cfn=(50)
calls=1 255 
* 485
+2 1
-2 1
+2 1
cfn=(50)
calls=1 255 
* 486
+3 1
-2 1
-1 1
+3 1
cfn=(50)
calls=1 255 
* 512
+2 1
-2 1
+2 1
cfn=(50)
calls=1 255 
* 513
+2 1
-2 1
+2 1
cfn=(50)
calls=1 255 
* 819
+2 4
-2 1
+2 1
cfn=(56) get_common_cache_info.constprop.0
calls=1 481 
* 229
873 2
+6 2
-6 2
+6 4
-1 1
-5 6
fe=(17)
424 6
cfn=(40) get_common_indices.constprop.0
calls=1 -99 
* 71
303 3
+1 2
+1 6
+5 2
429 1
cfn=(44)
calls=1 43 
* 178
+2 1
+2 1
701 1
431 2
564 2
+7 2
+2 1
+4 2
+6 2
+2 1
422 2
-3 1
311 6
+5 2
+1 7
433 4
+1 4
+69 1
+10 9
+42 1
+1 1
434 11
+55 3

fn=(40)
325 1
+4 4
+3 3
+5 2
-5 1
+5 1
-5 1
+4 1
+1 1
+1 4
+1 4
+1 3
+1 2
+7 2
+2 5
+5 1
-5 1
+5 1
-5 1
+5 1
-5 2
+5 1
+7 1
-7 4
+7 1
+1 3
+6 1
-6 4
+6 1
fi=(18) ./elf/../sysdeps/unix/sysv/linux/x86/dl-minsigstacksize.h
24 2
+3 2
+1 2
+37 3
+7 1
+2 1
fe=(17)
384 2

fl=(8)
fn=(14)
28 4
-3 4
+3 8
+3 12
+1 8
+2 4
-1 4
+3 12
+1 4
+1 8
+7 4
-5 4
-2 4
+3 8
+2 4
+2 8
+5 4

fl=(77)
fn=(290) do_lookup_x
348 1472
+1 184
-1 736
+6 184
-6 368
+7 184
+41 184
-30 368
+30 184
-30 736
+14 1695
+8 565
-4 565
+1 565
+3 2260
+1 1130
+3 565
-3 565
+4 1130
+7 565
-3 1130
-2 565
+5 1695
+3 3955
+99 1167
359 1132
+3 1132
+4 1138
+4 1130
+4 1130
fi=(4)
141 354
+1 531
fe=(77)
460 354
fi=(79) ./elf/../sysdeps/generic/dl-protected.h
29 708
fe=(77)
467 1196
+16 354
+1 177
+1 354
-78 552
-1 368
+2 368
+2 184
+6 736
-6 184
+6 1288
+7 708
-10 2065
+3 180
-1 360
+1 180
-1 180
+2 360
-1 2160
cfn=(292) check_match
calls=180 71 
* 20425
+4 540
+3 6
+82 7
+1 1472
-35 165
-17 14
172 56
437 1593

fn=(286)
756 2392
fi=(78) ./elf/../sysdeps/generic/dl-new-hash.h
74 184
+3 368
-8 184
+1 368
+10 184
+1 368
-1 838
+1 1676
+20 925
-2 925
+6 925
-3 1850
+2 925
-30 925
+3 1850
fe=(77)
758 184
+1 184
+3 184
-4 184
+1 184
+7 718
+3 184
+2 368
-2 184

ob=(5)
fl=(140)
fn=(568) 0x00000000000163a0
0 12
cfn=(570) 0x0000000000012e40
calls=1 0 
0 134
0 1
cfn=(618) 0x0000000000015740
calls=1 0 
0 470
0 48
cfn=(644) 0x000000000000ff60
calls=44 0 
0 7819
0 352
cfn=(674) 0x0000000000015820
calls=44 0 
0 17493
0 136
cfn=(674)
calls=1 0 
0 138
0 3
cfn=(674)
calls=1 0 
0 387
0 1
cob=(3) /usr/lib/x86_64-linux-gnu/libc.so.6
cfi=(148) ./posix/../sysdeps/unix/syscall-template.S
cfn=(858) getppid
calls=1 91 
0 3
0 1
0 6
cfn=(862) 0x00000000000138a0
calls=1 0 
0 734
0 3
cfn=(674)
calls=1 0 
0 323
0 2
cfn=(910) 0x0000000000015b60
calls=1 0 
0 127
0 8
cfn=(962) 0x0000000000005670
calls=1 0 
0 784
0 9
cob=(3)
cfi=(174) ./io/../sysdeps/unix/sysv/linux/stat64.c
cfn=(944) stat
calls=1 28 
0 12
0 1
0 5
cob=(3)
cfi=(174)
cfn=(944)
calls=1 28 
0 12
0 1
0 9

fn=(818) 0x000000000000f940
0 2
cfn=(820) 0x000000000000ef00
calls=1 0 
0 162
0 7

fn=(822) 0x000000000000ee30
0 11
cob=(3)
cfi=(147) ./csu/./csu/errno-loc.c
cfn=(540) __errno_location
calls=1 26 
0 3
0 1
0 6
cob=(3)
cfi=(163) ./stdlib/../stdlib/strtol.c
cfn=(828) strtol
calls=1 106 
0 102
0 1
0 9
cob=(3)
cfi=(154) ./ctype/../include/ctype.h
cfn=(650) __ctype_b_loc
calls=1 41 
0 3
0 1
0 17

fn=(962)
0 20
cfn=(972) 0x000000000000dec0
calls=1 0 
0 234
0 32
cfn=(644)
calls=1 0 
0 56
0 4
cob=(3)
cfi=(162) ./string/../sysdeps/x86_64/multiarch/strchr-avx2.S
cfn=(770) __strchrnul_avx2
calls=1 55 
0 18
0 1
0 9
cob=(3)
cfi=(177) ./string/../sysdeps/x86_64/multiarch/strlen-avx2.S
cfn=(980) __strlen_avx2
calls=1 65 
0 21
0 1
0 4
cfn=(708) 0x000000000000de80
calls=1 0 
0 182
0 5
cob=(3)
cfi=(178) ./string/../sysdeps/x86_64/multiarch/memmove-vec-unaligned-erms.S
cfn=(1022) __mempcpy_avx_unaligned_erms
calls=1 251 
0 19
0 1
0 7
cob=(3)
cfi=(178)
cfn=(1022)
calls=1 251 
0 13
0 1
0 5
cfn=(674)
calls=1 0 
0 138
0 13

fn=(1208) 0x000000000000e150
0 574
cob=(3)
cfi=(155) ./malloc/./malloc/malloc.c
cfn=(1968) free
calls=34 3350 
0 2992
0 34
0 1039

fn=(1220) 0x000000000000db20
0 24
cfn=(1042) 0x000000000000e100
calls=1 0 
0 33
0 30
cfn=(1042)
calls=15 0 
0 495
0 112
cfn=(1228) 0x00000000000124f0
calls=16 0 
0 40039
0 176
cfn=(1346) 0x0000000000006110
calls=16 0 
0 141752
0 60
cfn=(1208)
calls=15 0 
0 285
0 45

fn=(1898) 0x0000000000005cb0
0 323
cfn=(1900) 0x0000000000013ac0
calls=17 0 
0 40637
0 68
cfn=(1904) 0x0000000000013a20
calls=17 0 
0 36660
0 255
cfn=(1940) 0x0000000000013710
calls=17 0 
0 782
0 85

fn=(1900)
0 306
cfn=(1904)
calls=17 0 
0 40246
0 85

fn=(2182) 0x00000000000126a0
0 75
cob=(3)
cfi=(155)
cfn=(1968)
calls=1 3350 
0 88
0 1
0 11

fn=(2210) 0x000000000000dea0
0 2
cob=(3)
cfi=(155)
cfn=(2214) realloc
calls=1 3394 
0 195
0 1
0 4

fn=(2286) 0x000000000000bec0
0 18
cfn=(2294) 0x000000000000bc40
calls=1 0 
0 126
0 3
cfn=(2294)
calls=1 0 
0 69
0 34

fn=(2458) 0x0000000000008a70
0 6
cfn=(2460) 0x0000000000016b20
calls=1 0 
0 633
0 4
cfn=(1678) 0x0000000000007ba0
calls=1 0 
0 318
0 16

fn=(2462) 0x00000000000166b0
0 22
cfn=(2463) 0x00000000000166b0'2
calls=1 0 
0 89
0 2
cob=(3)
cfi=(177)
cfn=(980)
calls=1 65 
0 13
0 1
0 9

fn=(2463)
0 44
cfn=(2463)
calls=1 0 
0 3
0 2
cfn=(2463)
calls=1 0 
0 53
0 23
cob=(3)
cfi=(177)
cfn=(980)
calls=1 65 
0 13
0 1
0 6

fn=(2498) 0x0000000000016840
0 39
cfn=(2499) 0x0000000000016840'2
calls=1 0 
0 210
0 5
cob=(3)
cfi=(188) ./string/../sysdeps/x86_64/multiarch/strcpy-avx2.S
cfn=(2526) __stpcpy_avx2
calls=1 62 
0 29
0 1
0 7

fn=(2499)
0 85
cfn=(2499)
calls=1 0 
0 112
0 3
cfn=(2499)
calls=1 0 
0 24
0 63
cfn=(2499)
calls=1 0 
0 24
0 14
cob=(3)
cfi=(188)
cfn=(2526)
calls=1 62 
0 30
0 1
0 5
cfn=(2499)
calls=1 0 
0 24
0 9

fn=(774) 0x00000000000089f0
0 289
cob=(3)
cfi=(162)
cfn=(782) __strchr_avx2
calls=6 55 
0 120
0 6
0 40

fn=(862)
0 20
cfn=(866) 0x00000000000134f0
calls=1 0 
0 706
0 8

fn=(1354) 0x0000000000013090
0 184

fn=(1446) 0x0000000000004a20
0 120
cfn=(1448) 0x0000000000004850
calls=40 0 
0 1910
0 280

fn=(1672) 0x0000000000007f70
0 560
cob=(3)
cfi=(162)
cfn=(782)
calls=35 55 
0 700
0 35
0 967
cfn=(1678)
calls=31 0 
0 1861
0 2368
cfn=(1700) 0x000000000000f030
calls=167 0 
0 4063
0 1080
cfn=(1828) 0x0000000000007ce0
calls=15 0 
0 2517
0 360
cfn=(1828)
calls=90 0 
0 12390
0 1665
cob=(3)
cfi=(174)
cfn=(944)
calls=90 28 
0 1350
0 90
0 660
cfn=(1886) 0x0000000000005ff0
calls=15 0 
0 150
0 75
cfn=(1894) 0x0000000000005f30
calls=15 0 
0 69145
0 15

fn=(2160) 0x0000000000005d30
0 10
cob=(3)
cfi=(221) ./posix/../sysdeps/unix/sysv/linux/_exit.c
cfn=(2836) _Exit
calls=1 27 
0 4
0 1
0 5
cob=(3)
cfi=(190) ./debug/../setjmp/longjmp.c
cfn=(2166) __longjmp_chk
calls=1 28 
0 61
0 1

fn=(2204) 0x000000000000d570
0 16
cfn=(2206) 0x000000000000d3a0
calls=2 0 
0 285
0 6
cfn=(2234) 0x0000000000013490
calls=2 0 
0 120
0 4
cob=(3)
cfi=(196) ./posix/../sysdeps/unix/sysv/linux/x86_64/vfork.S
cfn=(2252) vfork
calls=2 32 
0 6
0 2
fi=(196)
41 2
+3 2
+1 2
+26 2
cfi=(140)
cfn=(2254) 0x000000000000d5aa
calls=2 -71 
* 6736
fe=(140)

fn=(2642) 0x0000000000008d00
0 155

fn=(688) 0x0000000000015670
0 1133

fn=(1258) 0x00000000000135f0
0 270

fn=(1908) 0x0000000000013530
0 680
cfn=(866)
calls=34 0 
0 32018
0 374
cfn=(1044) 0x000000000000dee0
calls=34 0 
0 3056
0 238
cfn=(866)
calls=34 0 
0 32086
0 408

fn=(2018) 0x000000000000b870
0 51

fn=(2234)
0 20
cob=(3)
cfi=(149) ./signal/./signal/sigfillset.c
cfn=(598) sigfillset
calls=2 27 
0 12
0 2
0 8
cob=(3)
cfi=(194) ./signal/../sysdeps/unix/sysv/linux/sigprocmask.c
cfn=(2240) sigprocmask
calls=2 24 
0 62
0 2
0 14

fn=(2718) 0x0000000000007e50
0 14
cfn=(2720) 0x0000000000015c30
calls=1 0 
0 1024
0 5
cob=(3)
cfi=(162)
cfn=(782)
calls=1 55 
0 20
0 1
0 6
cfn=(2768) 0x0000000000007950
calls=1 0 
0 45
0 13
cfn=(1886)
calls=1 0 
0 554
0 6
cfn=(2824) 0x0000000000005e80
calls=1 0 
0 4815

fn=(1042)
0 2475

fn=(1252) 0x000000000000b290
0 144
cfn=(1258)
calls=16 0 
0 240
0 3469
cob=(3)
cfi=(183) ./io/../sysdeps/unix/sysv/linux/read.c
cfn=(1268) read
calls=1 26 
0 7
0 1
0 117

fn=(1336) 0x0000000000011560
0 240

fn=(1578) 0x0000000000006e90
0 702
cfn=(1584) 0x000000000000ae40
calls=18 0 
0 7354
0 396
cfn=(1672)
calls=18 0 
0 5925
0 156
cfn=(1584)
calls=14 0 
0 7306
0 488
cfn=(1748) 0x0000000000016120
calls=18 0 
0 1322
0 54
cfn=(1044)
calls=18 0 
0 324
0 498
cfn=(1770) 0x0000000000006040
calls=18 0 
0 842
0 36
cfn=(1778) 0x0000000000012d70
calls=18 0 
0 335
0 72
cfn=(1784) 0x0000000000012c90
calls=18 0 
0 7162
0 429
cfn=(1672)
calls=17 0 
0 94126
0 152
cfn=(2204)
calls=2 0 
0 7183
0 2
cfn=(2284) 0x000000000000d610
calls=1 0 
0 324
0 58
cfn=(2182)
calls=1 0 
0 175
0 34
cfn=(2012) 0x0000000000012d40
calls=17 0 
0 51
0 34
cfn=(2018)
calls=17 0 
0 51
0 34
cfn=(2024) 0x0000000000016180
calls=17 0 
0 2108
0 337

fn=(1886)
0 161
cob=(3)
cfi=(209) ./string/./string/strerror.c
cfn=(2792) strerror
calls=1 24 
0 548
0 1

fn=(2294)
0 59
cob=(3)
cfi=(199) ./posix/../sysdeps/unix/sysv/linux/wait3.c
cfn=(2302) wait3
calls=2 25 
0 30
0 2
0 78
cfn=(2352) 0x000000000000ba90
calls=1 0 
0 15
0 11

fn=(2572) 0x0000000000009210
0 134
cob=(3)
cfi=(202) ./dirent/../sysdeps/unix/sysv/linux/opendir.c
cfn=(2610) opendir
calls=1 33 
0 266
0 1
0 55
cob=(3)
cfi=(205) ./dirent/../sysdeps/unix/sysv/linux/readdir64.c
cfn=(2632) readdir
calls=8 32 
0 340
0 8
0 54
cfn=(2642)
calls=5 0 
0 155
0 12
cob=(3)
cfi=(207) ./dirent/../sysdeps/unix/sysv/linux/closedir.c
cfn=(2662) closedir
calls=1 34 
0 140
0 1
0 3

fn=(2720)
0 875
cfn=(2738) 0x000000000000e1d0
calls=1 0 
0 148
0 1

fn=(2738)
0 4
cfn=(2740) 0x000000000000dfc0
calls=1 0 
0 140
0 4

fn=(2740)
0 20
cfn=(1044)
calls=1 0 
0 80
0 4
cob=(3)
cfi=(178)
cfn=(986) __memcpy_avx_unaligned_erms
calls=1 264 
0 29
0 1
0 6

fn=(516) 0x0000000000004840
0 12

fn=(674)
0 5768
cfn=(688)
calls=48 0 
0 1083
0 1060
cfn=(708)
calls=44 0 
0 9580
0 314
cob=(3)
cfi=(162)
cfn=(770)
calls=2 55 
0 36
0 2
0 4
cfn=(818)
calls=1 0 
0 171
cfn=(774)
calls=1 0 
0 455
0 6

fn=(1086) 0x000000000000b660
0 9
cfn=(1088) 0x0000000000012610
calls=1 0 
0 57
0 24
cfn=(1108) 0x0000000000012790
calls=1 0 
0 109
0 3

fn=(1314) 0x000000000000b580
0 129

fn=(1448)
0 1910

fn=(1584)
0 782
cfn=(1586) 0x0000000000009ca0
calls=34 0 
0 6068
0 204
cfn=(1044)
calls=34 0 
0 612
0 264
cfn=(1626) 0x0000000000009820
calls=32 0 
0 1504
0 262
cfn=(1652) 0x0000000000009b30
calls=1 0 
0 57
0 155
cfn=(1652)
calls=31 0 
0 1836
0 320
cob=(3)
cfi=(185) ./string/../sysdeps/x86_64/multiarch/strcspn-sse4.c
cfn=(1644) __strpbrk_sse42
calls=32 88 
0 892
0 32
0 68
cfn=(1652)
calls=1 0 
0 57
0 3
cob=(3)
cfi=(177)
cfn=(980)
calls=1 65 
0 13
0 1
0 4
cfn=(708)
calls=1 0 
0 162
0 5
cfn=(2572)
calls=1 0 
0 1169
0 2
cob=(3)
cfi=(155)
cfn=(1968)
calls=1 3350 
0 154
0 1
0 14
cfn=(1044)
calls=2 0 
0 36
0 520

fn=(1606) 0x000000000000e260
0 578
cob=(3)
cfi=(178)
cfn=(1022)
calls=34 251 
0 589
0 34

fn=(1652)
0 363
cob=(3)
cfi=(185)
cfn=(1644)
calls=33 88 
0 1191
0 33
0 363

fn=(1748)
0 180
cfn=(708)
calls=18 0 
0 998
0 144

fn=(1770)
0 159
cfn=(1584)
calls=2 0 
0 537
0 146

fn=(1894)
0 285
cfn=(1898)
calls=15 0 
0 68785
0 75

fn=(1940)
0 1632
cob=(3)
cfi=(189) ./io/../sysdeps/unix/sysv/linux/write.c
cfn=(1950) write
calls=51 26 
0 357
0 51
0 306

fn=(2152) 0x0000000000005dc0
0 20
cfn=(1898)
calls=1 0 
0 5260
0 1
cfn=(1258)
calls=1 0 
0 15
0 2
cfn=(2160)
calls=1 0 
0 71

fn=(2698) 0x000000000000c220
0 29

fn=(708)
0 134
cob=(3)
cfi=(155)
cfn=(712) malloc
calls=67 3281 
0 10999
0 67
0 268

fn=(866)
0 483
cob=(3)
cfi=(165) ./debug/./debug/vsnprintf_chk.c
cfn=(870) __vsnprintf_chk
calls=69 26 
0 63799
0 69
0 459

fn=(910)
0 47
cfn=(688)
calls=1 0 
0 50
0 8
cob=(3)
cfi=(162)
cfn=(770)
calls=1 55 
0 18
0 1
0 3

fn=(972)
0 2
cob=(3)
cfi=(176) ./string/./string/strdup.c
cfn=(976) strdup
calls=1 40 
0 227
0 1
0 4

fn=(1088)
0 24
cob=(3)
cfi=(179) ./io/../sysdeps/unix/sysv/linux/open64.c
cfn=(1092) open
calls=2 30 
0 69
0 2
0 31
cfn=(1886)
calls=1 0 
0 6
0 6
cfn=(2152)
calls=1 0 
0 5369

fn=(1234) 0x0000000000011820
0 1770
cfn=(1238) 0x0000000000011640
calls=60 0 
0 22009
0 1718
cfn=(1446)
calls=40 0 
0 2310
0 682
cfn=(1420) 0x000000000000f040
calls=20 0 
0 3945
0 990

fn=(1244) 0x000000000000b4f0
0 6294
cfn=(1252)
calls=16 0 
0 3978
0 32

fn=(1472) 0x00000000000123c0
0 114
cfn=(1234)
calls=19 0 
0 551
0 95
cfn=(1480) 0x0000000000011c80
calls=19 0 
0 15980
0 38
cfn=(1234)
calls=19 0 
0 418
0 209

fn=(1586)
0 1496
cob=(3)
cfi=(185)
cfn=(1594) __strcspn_sse42
calls=34 88 
0 1399
0 34
0 714
cfn=(1606)
calls=34 0 
0 1201
0 1224

fn=(1626)
0 512
cfn=(1044)
calls=32 0 
0 576
0 416

fn=(1700)
0 516
cob=(3)
cfi=(184) ./string/../sysdeps/x86_64/multiarch/strcmp-avx2.S
cfn=(1426) __strcmp_avx2
calls=172 249 
0 3495
0 172

fn=(1784)
0 216
cob=(3)
cfi=(144) ./setjmp/../sysdeps/x86_64/bsd-_setjmp.S
cfn=(530) _setjmp
calls=18 30 
0 504
0 18
0 111
cfn=(1800) 0x000000000000b120
calls=18 0 
0 81
0 342
cfn=(1790) 0x0000000000012820
calls=18 0 
0 5873
0 17

fn=(1800)
0 81

fn=(2206)
0 62
cfn=(2210)
calls=1 0 
0 202
0 21

fn=(2266) 0x000000000000cb60
0 37

fn=(2284)
0 11
cfn=(2286)
calls=1 0 
0 250
0 17
cfn=(2392) 0x000000000000bb80
calls=1 0 
0 39
0 7

fn=(2392)
0 39

fn=(2460)
0 7
cfn=(2462)
calls=1 0 
0 136
0 4
cfn=(708)
calls=1 0 
0 182
0 7
cfn=(2498)
calls=1 0 
0 291
0 6

fn=(502)
0 11
cob=(3)
cfi=(141) ./csu/../csu/libc-start.c
cfn=(504) __libc_start_main@@GLIBC_2.34
calls=1 242 
0 214287

fn=(536) 0x0000000000004580
0 9
cob=(3)
cfi=(147)
cfn=(540)
calls=1 26 
0 3
0 1
0 2
cob=(3)
cfi=(148)
cfn=(546) getuid
calls=1 91 
0 3
0 1
0 2
cob=(3)
cfi=(148)
cfn=(552) getgid
calls=1 91 
0 3
0 1
0 4
cob=(3)
cfi=(144)
cfn=(530)
calls=1 30 
0 28
0 1
0 5
cob=(3)
cfi=(148)
cfn=(564) getpid
calls=1 91 
0 3
0 1
0 2
cfn=(568)
calls=1 0 
0 29034
0 2
cfn=(1042)
calls=1 0 
0 33
0 3
cfn=(1050) 0x000000000000f590
calls=1 0 
0 1039
0 7
cfn=(1208)
calls=1 0 
0 19
0 6
cfn=(1220)
calls=1 0 
0 183051

fn=(570)
0 101
cob=(3)
cfi=(149)
cfn=(598)
calls=3 27 
0 18
0 3
0 12
cob=(3)
cfi=(151) ./signal/./signal/sigaction.c
cfn=(606) sigaction
calls=3 27 
0 168
0 3
0 43
cob=(3)
cfi=(151)
cfn=(606)
calls=2 27 
0 110
0 2
0 68

fn=(1146) 0x00000000000125a0
0 7
cob=(3)
cfi=(148)
cfn=(636) geteuid
calls=1 91 
0 3
0 1
0 4
cob=(3)
cfi=(148)
cfn=(1158) getegid
calls=1 91 
0 3
0 1
0 4

fn=(1166) 0x0000000000013150
0 31
cob=(3)
cfi=(149)
cfn=(598)
calls=1 27 
0 6
0 1
0 4
cob=(3)
cfi=(151)
cfn=(606)
calls=1 27 
0 56
0 1
0 16
cob=(3)
cfi=(151)
cfn=(606)
calls=1 27 
0 55
0 1
0 32
cfn=(570)
calls=1 0 
0 198
0 2
cfn=(570)
calls=1 0 
0 196
0 3

fn=(1238)
0 3448
cfn=(1242) 0x00000000000101f0
calls=125 0 
0 3625
0 1002
cfn=(1044)
calls=36 0 
0 648
0 1192
cfn=(1314)
calls=36 0 
0 108
0 40
cfn=(1044)
calls=2 0 
0 36
0 8
cfn=(1242)
calls=1 0 
0 29
0 8
cfn=(1314)
calls=1 0 
0 3
0 72
cfn=(1242)
calls=1 0 
0 29
0 8
cfn=(1314)
calls=1 0 
0 3
0 395
cfn=(1242)
calls=154 0 
0 8176
0 1601
cfn=(1244)
calls=44 0 
0 880
0 89
cfn=(1314)
calls=1 0 
0 3
0 1
cfn=(1242)
calls=1 0 
0 23
0 430
cfn=(1242)
calls=4 0 
0 116
0 12
cfn=(1314)
calls=4 0 
0 12
0 12

fn=(1480)
0 266
cfn=(1234)
calls=19 0 
0 551
0 380
cfn=(1234)
calls=19 0 
0 1753
0 70
cfn=(1234)
calls=35 0 
0 7813
0 358
cfn=(1044)
calls=18 0 
0 324
0 401
cfn=(1234)
calls=1 0 
0 71
0 5
cfn=(644)
calls=1 0 
0 98
0 4
cfn=(2432) 0x0000000000008900
calls=1 0 
0 214
0 10
cfn=(1481) 0x0000000000011c80'2
calls=1 0 
0 790
0 68
cfn=(1044)
calls=33 0 
0 594
0 404
cfn=(2088) 0x0000000000011970
calls=2 0 
0 739
0 59
cfn=(644)
calls=19 0 
0 935
0 73

fn=(1481)
0 14
cfn=(1234)
calls=1 0 
0 487
0 20
cfn=(1234)
calls=1 0 
0 82
0 2
cfn=(1234)
calls=1 0 
0 69
0 16
cfn=(1044)
calls=1 0 
0 18
0 23
cfn=(1044)
calls=1 0 
0 18
0 15
cfn=(644)
calls=1 0 
0 23
0 3

fn=(1678)
0 1942
cob=(3)
cfi=(177)
cfn=(980)
calls=1 65 
0 13
0 1
0 2
cfn=(708)
calls=1 0 
0 182
0 8
cob=(3)
cfi=(188)
cfn=(1854) __strcpy_avx2
calls=1 62 
0 29
0 1
0 1

fn=(1778)
0 74
cfn=(708)
calls=1 0 
0 182
0 79

fn=(2012)
0 51

fn=(2024)
0 289
cob=(3)
cfi=(155)
cfn=(1968)
calls=17 3350 
0 1496
0 17
0 306

fn=(2306) 0x0000000000012dc0
0 9

fn=(2768)
0 19
cob=(3)
cfi=(148)
cfn=(2772) execve
calls=1 120 
0 9
0 1
0 16

fn=(2824)
0 21
cfn=(1898)
calls=1 0 
0 4765
0 1
cfn=(1258)
calls=1 0 
0 15
0 2
cfn=(2160)
calls=1 0 
0 11

fn=(820)
0 4
cfn=(822)
calls=1 0 
0 154
0 4

fn=(1044)
0 1884
cob=(3)
cfi=(155)
cfn=(712)
calls=35 3281 
0 1681
0 35
0 2830

fn=(1108)
0 11
cob=(3)
cfi=(180) ./io/../sysdeps/unix/sysv/linux/fcntl64.c
cfn=(1112) fcntl
calls=1 38 
0 35
0 1
0 8
cob=(3)
cfi=(180)
cfn=(1112)
calls=1 38 
0 35
0 1
0 9
cob=(3)
cfi=(182) ./io/../sysdeps/unix/sysv/linux/close.c
cfn=(1122) close
calls=1 27 
0 7
0 1
0 1

fn=(1228)
0 304
cfn=(1234)
calls=16 0 
0 17856
0 57
cfn=(1234)
calls=19 0 
0 2290
0 156
cfn=(1336)
calls=16 0 
0 240
0 220
cfn=(1472)
calls=19 0 
0 17405
0 95
cfn=(1234)
calls=19 0 
0 418
0 76
cfn=(1234)
calls=19 0 
0 418
0 103
cfn=(1044)
calls=4 0 
0 72
0 329

fn=(1346)
0 224
cfn=(1042)
calls=16 0 
0 528
0 79
cfn=(1354)
calls=15 0 
0 60
0 122
cfn=(2458)
calls=1 0 
0 977
0 4
cfn=(1354)
calls=1 0 
0 4
0 1
cfn=(1354)
calls=1 0 
0 4
0 60
cfn=(1208)
calls=15 0 
0 285
0 197
cfn=(1347) 0x0000000000006110'2
calls=4 0 
0 36249
0 56
cfn=(1347)
calls=4 0 
0 30704
0 30
cfn=(1578)
calls=10 0 
0 72021
0 39
cfn=(1354)
calls=13 0 
0 52
0 56

fn=(1347)
0 112
cfn=(1042)
calls=8 0 
0 264
0 40
cfn=(1354)
calls=8 0 
0 32
0 96
cfn=(1208)
calls=8 0 
0 152
0 112
cfn=(1578)
calls=8 0 
0 66049
0 24
cfn=(1354)
calls=8 0 
0 32
0 40

fn=(1790)
0 421
cfn=(1088)
calls=1 0 
0 5450
0 2

fn=(1828)
0 2130
cob=(3)
cfi=(185)
cfn=(1594)
calls=90 88 
0 3780
0 90
0 1020
cob=(3)
cfi=(177)
cfn=(980)
calls=75 65 
0 975
0 75
0 45
cob=(3)
cfi=(177)
cfn=(980)
calls=15 65 
0 195
0 15
0 270
cfn=(1842) 0x000000000000e1f0
calls=90 0 
0 360
0 540
cob=(3)
cfi=(178)
cfn=(1022)
calls=90 251 
0 1230
0 90
0 360
cob=(3)
cfi=(188)
cfn=(1854)
calls=90 62 
0 2682
0 90
0 960

fn=(2088)
0 14
cfn=(1234)
calls=2 0 
0 647
0 20
cfn=(1044)
calls=2 0 
0 36
0 22

fn=(2352)
0 15

fn=(618)
0 459
cob=(3)
cfi=(148)
cfn=(636)
calls=1 91 
0 3
0 1
0 7

fn=(644)
0 527
cob=(3)
cfi=(154)
cfn=(650)
calls=65 41 
0 195
0 65
0 2268
cob=(3)
cfi=(154)
cfn=(650)
calls=502 41 
0 1506
0 502
0 3868

fn=(1050)
0 21
cfn=(1054) 0x000000000000f1d0
calls=1 0 
0 35
0 135
cfn=(1146)
calls=1 0 
0 23
0 2
cfn=(1166)
calls=1 0 
0 602
0 2
cfn=(1196) 0x000000000000ccd0
calls=1 0 
0 3
0 11
cfn=(1086)
calls=1 0 
0 202
0 3

fn=(1054)
0 22

ob=(1)
fl=(77)
fn=(286)
775 368
-7 2208
+7 35
+1 2576
cfn=(290)
calls=184 348 
* 66558
* 552
+28 184
-23 552
+23 184
-23 368
+24 1046
+7 177
-7 177
+35 708
+34 177
-20 531
+3 354
-57 184
+76 1656
fi=(78)
87 97
+1 97
+1 194
+1 97
fe=(77)
783 42
+18 21
+54 2

fn=(292)
71 180
+3 180
-3 2160
+3 716
+13 178
-13 178
+13 178
-13 178
+13 534
+3 832
cfi=(33)
cfn=(98)
calls=119 +41 
* 5108
* 238
+4 178
+1 356
+2 352
+19 352
+1 1408
+2 2
-40 177
+84 1080
-18 4
+2 4
+1 2
-1 4
+1 6
-1 4
-68 2
+39 525
cfi=(33)
cfn=(98)
calls=175 +13 
* 4947
* 350
-44 8
+5 4

fl=(28)
fn=(78)
82 8
-4 32
+7 8
+1 24
fi=(29)
-30 8
cfi=(28)
cfn=(82)
calls=8 -21 
* 225
fe=(28)

fn=(152) __minimal_free
97 4

fn=(82)
35 96
+1 72
+11 69
+3 23
-3 23
+3 46
-3 2
+3 1
-3 1
+3 90
+18 24
+1 24
+2 96
-16 8
+1 4
+2 2
+1 14
cfi=(60)
cfn=(202)
calls=2 -12 
* 16
* 2
+2 4
+2 4
+2 2
+4 2
-4 4
-23 1
-1 1
+1 1
+1 2
-2 2

fl=(120)
fn=(418)
95 8
+1 8
+1 4
+6 20
+1 107
+1 74
+2 12
+5 4

fl=(13)
fn=(26)
295 1
+1 4
cfi=(11)
cfn=(28)
calls=1 408 
* 19
+2 3
-1 1
+2 2

fn=(250) _dl_sort_maps
304 11
+8 1
-8 1
+8 2
+4 8
216 1
-28 1
-2 1
+1 2
+29 1
-28 4
+1 1
-1 1
+1 1
-1 2
+1 3
-1 3
+1 3
-1 6
+28 1
+8 1
-1 1
+1 1
-8 5
+8 2
-8 1
+8 1
-3 2
+5 10
+2 4
-83 20
cfn=(252) dfs_traversal.part.0
calls=4 -5 
* 122
+86 12
+18 4
+13 1
+54 1
-47 4
cfi=(30)
cfn=(86)
calls=1 -50 
* 10
+13 4

fn=(252)
140 32
+10 4
-2 4
+2 8
+2 8
-7 6
+7 12
+9 8
+15 12
+1 4
+1 24

fl=(42)
fn=(124)
33 15
+1 15
+1 15
+1 15
+1 15
+1 15
+1 15
+1 15
+1 15
+1 15
+1 15
+1 15
+1 15
+1 15
+1 15
+1 15
+1 15
+1 13
+4 13
+1 13
+1 13
+1 13
+2 13
+4 2
+1 2
+1 2
+1 2
+1 2
+1 2
+1 2
+1 2
+1 2
+1 2
+1 2
+1 2
+1 2
+1 2
+1 2
+1 2
+1 2
+1 2
+1 2
+1 2
+1 2
+1 2
+1 2
+1 2
+52 2
+4 2
+1 2
+1 2
+1 2
+2 2

fl=(134)
fn=(478) call_init
30 10
-2 40
+8 20
+2 10
+20 4
+4 4
-3 4
-15 4
+14 4
+4 8
+5 6
+8 9
+1 6
cob=(2) ???
cfi=(51) ???
cfn=(480) 0x0000000004837000
calls=1 -76 
* 6
+3 3
+1 6
+6 4
+2 4
-2 2
+3 13
+1 4
cob=(3)
cfi=(139) ./libio/./libio/vtables.c
cfn=(498) check_stdfiles_vtables
calls=1 -6 
* 11
* 8
cob=(3)
cfi=(136) ./csu/./csu/init-first.c
cfn=(490) _init_first
calls=1 -44 
* 64
cob=(4) /usr/libexec/valgrind/vgpreload_core-amd64-linux.so
cfi=(135) ???
cfn=(484) 0x0000000000001100
calls=1 -90 
* 12
-1 9
+3 30
-29 2

fn=(476)
97 11
+1 1
+1 1
+3 3
+8 2
+25 1
+1 5
+1 5
-1 1
+1 1
cfn=(478)
calls=1 30 
* 37
* 15
-1 3
+1 3
cfn=(478)
calls=3 30 
* 191
-1 8
+7 8
-39 1
cfn=(478)
calls=1 -74 
* 79
+1 2

fl=(44) ./string/../sysdeps/x86_64/multiarch/../multiarch/memset-vec-unaligned-erms.S
fn=(138) memset
141 35
+5 7
+1 7
+3 6
+1 6
+38 4
+1 4
+2 4
+60 6
+1 6
+12 6
+3 6
+1 6
+12 2
+1 2
+13 2
+1 2
+2 2
+3 1
+3 2
+3 1
+1 1
+1 1
+1 1
+1 1
+1 1
+1 1
-6 28
+1 28
+1 28
+1 28
+1 28
+1 28
+1 28
+3 2
+1 2
+1 2
+1 2
+5 2
+34 1
+2 1
+1 1
+39 1
+1 1
+2 1

fl=(72) ./malloc/./malloc/scratch_buffer_set_array_size.c
fn=(246) __libc_scratch_buffer_set_array_size
30 18
+4 2
+1 4
+10 4
+18 2
-17 2
+17 6

fl=(58) ./io/../sysdeps/unix/sysv/linux/fstat64.c
fn=(198) fstat
29 3
+1 6
+5 9
cfi=(59)
cfn=(200)
calls=3 154 
* 21

fl=(49)
fn=(526) _dl_audit_preinit
119 4

fn=(214) _dl_audit_objopen
78 8

fn=(162)
29 7
+2 1
-1 1
+1 2
+6 8

fn=(468)
45 4
+2 3
+4 1

fl=(76)
fn=(406) _dl_protect_relro
356 4
-1 8
+1 16
+3 4
-3 4
+3 4
+4 8
+7 8
-6 12
cfi=(117)
cfn=(408) mprotect
calls=4 117 
* 20
* 8

fn=(278)
207 40
+14 4
-14 4
+16 4
-16 4
+16 4
+3 4
-1 4
+1 8
+19 8
+6 16
-34 6
+38 6
+7 12
fi=(5)
72 10
+6 4
+4 3
+6 1
+10 2
+20 2
+8 1
fi=(4)
-45 1
fe=(76)
301 2
fi=(4)
81 2
fe=(76)
301 2
fi=(4)
81 3
fe=(76)
301 6
fi=(4)
81 6
fe=(76)
301 10895
fi=(4)
81 1
fe=(76)
301 1
fi=(4)
81 2
fe=(76)
301 172
186 4
+32 1
-32 1
+32 2
fi=(6)
49 1
fe=(76)
301 1
fi=(6)
50 1
-1 2
+4 1
-3 1
+3 1
-3 1
+3 4
+27 3
fe=(76)
301 3
186 12
+32 3
-32 3
+32 6
fi=(6)
49 3
fe=(76)
301 3
fi=(6)
50 3
-1 6
+4 3
-3 3
+3 3
-3 3
+3 12
+27 9
-31 4
fe=(76)
301 4
fi=(6)
50 4
-1 8
+4 4
-3 4
+3 4
-3 4
+3 16
+27 12
-7 1
-1 1
+11 7
fi=(5)
498 28
+4 28
+3 42
+1 14
fi=(6)
83 42
+2 212
+2 117
-4 117
+13 5
+1 6
+1 78
fi=(5)
498 39
+35 39
-1 78
-34 39
+35 78
+1 39
cob=(3)
cfi=(115) ./string/../sysdeps/x86_64/multiarch/ifunc-evex.h
cfn=(404) rawmemchr
calls=1 38 
* 22
cob=(3)
cfi=(99) ./string/../sysdeps/x86_64/multiarch/ifunc-strcasecmp.h
cfn=(400) strncasecmp
calls=1 37 
* 20
cob=(3)
cfi=(90) ./string/../sysdeps/x86_64/multiarch/ifunc-memmove.h
cfn=(398) mempcpy
calls=1 57 
* 21
cob=(3)
cfi=(84) ./string/../sysdeps/x86_64/multiarch/ifunc-sse4_2.h
cfn=(396) strspn
calls=1 36 
* 6
cob=(3)
cfi=(115)
cfn=(394) memchr
calls=1 38 
* 22
cob=(3)
cfi=(90)
cfn=(392) memmove
calls=1 57 
* 21
cob=(3)
cfi=(102) ./string/../sysdeps/x86_64/multiarch/ifunc-strcpy.h
cfn=(388) stpcpy
calls=1 38 
* 16
cob=(3)
cfi=(113) ./wcsmbs/../sysdeps/x86_64/multiarch/ifunc-memcmp.h
cfn=(386) wmemcmp
calls=1 34 
* 23
cob=(3)
cfi=(96) ./string/../sysdeps/x86_64/multiarch/ifunc-strncpy.h
cfn=(384) strncpy
calls=1 35 
* 18
cob=(3)
cfi=(82) ./string/../sysdeps/x86_64/multiarch/ifunc-avx2.h
cfn=(380) strlen
calls=1 40 
* 24
cob=(3)
cfi=(99)
cfn=(376) strcasecmp_l
calls=1 37 
* 20
cob=(3)
cfi=(102)
cfn=(372) strcpy
calls=1 38 
* 16
cob=(3)
cfi=(82)
cfn=(368) strchrnul
calls=1 40 
* 24
cob=(3)
cfi=(82)
cfn=(364) memrchr
calls=1 40 
* 24
cob=(3)
cfi=(106) ./wcsmbs/../sysdeps/x86_64/multiarch/ifunc-wmemset.h
cfn=(360) wmemset
calls=2 36 
* 18
cob=(3)
cfi=(105) ./string/../sysdeps/x86_64/multiarch/ifunc-memcmp.h
cfn=(358) bcmp
calls=1 34 
* 23
cob=(3)
cfi=(99)
cfn=(354) strncasecmp_l
calls=1 37 
* 20
cob=(3)
cfi=(102)
cfn=(350) strcat
calls=1 38 
* 16
cob=(3)
cfi=(101) ./wcsmbs/../sysdeps/x86_64/multiarch/wcscpy.c
cfn=(348) wcscpy
calls=1 38 
* 6
cob=(3)
cfi=(84)
cfn=(346) strcspn
calls=1 36 
* 6
cob=(3)
cfi=(99)
cfn=(342) strcasecmp
calls=1 37 
* 20
cob=(3)
cfi=(98) ./string/../sysdeps/x86_64/multiarch/strncmp.c
cfn=(340) strncmp
calls=1 44 
* 20
cob=(3)
cfi=(97) ./wcsmbs/../sysdeps/x86_64/multiarch/ifunc-evex.h
cfn=(338) wmemchr
calls=2 38 
* 44
cob=(3)
cfi=(96)
cfn=(336) stpncpy
calls=1 35 
* 18
cob=(3)
cfi=(91) ./wcsmbs/../sysdeps/x86_64/multiarch/ifunc-avx2.h
cfn=(332) wcscmp
calls=1 40 
* 24
cob=(3)
cfi=(82)
cfn=(328) rindex
calls=1 40 
* 24
cob=(3)
cfi=(93) ./string/../sysdeps/x86_64/multiarch/strchr.c
cfn=(326) index
calls=1 43 
* 18
cob=(3)
cfi=(91)
cfn=(322) wcschr
calls=2 40 
* 48
cob=(3)
cfi=(90)
cfn=(320) memcpy@@GLIBC_2.14
calls=1 57 
* 21
cob=(3)
cfi=(86) ./wcsmbs/../sysdeps/x86_64/multiarch/ifunc-wcslen.h
cfn=(316) wcslen
calls=1 41 
* 18
cob=(3)
cfi=(88) ./string/../sysdeps/x86_64/multiarch/ifunc-memset.h
cfn=(314) memset
calls=1 54 
* 23
cob=(3)
cfi=(86)
cfn=(310) wcsnlen
calls=1 41 
* 18
cob=(3)
cfi=(85) ./string/../sysdeps/x86_64/multiarch/strcmp.c
cfn=(308) strcmp
calls=1 48 
* 18
cob=(3)
cfi=(84)
cfn=(306) strpbrk
calls=1 36 
* 6
cob=(3)
cfi=(82)
cfn=(302) strnlen
calls=2 40 
* 48
fi=(6)
97 39
fi=(5)
535 39
fi=(6)
97 80
fe=(76)
301 32
fi=(6)
51 4
fi=(4)
+30 12
fe=(76)
304 24
+24 4
+3 8
+17 8
-96 8
+3 2
+7 1
-9 1
+9 3
fi=(6)
114 21
+9 12
+1 2
fi=(5)
482 2
fi=(6)
124 2
fi=(5)
482 4
fi=(6)
124 282
fi=(5)
482 282
fi=(6)
124 282
fi=(5)
482 564
+5 568
+1 284
fi=(6)
123 284
fi=(5)
488 284
-5 284
fi=(6)
123 568
+3 21
+3 20
+2 15
-59 3
fe=(76)
182 3
fi=(6)
73 3
fe=(76)
182 12
fi=(6)
-49 6
+1 3
+1 3
-2 3
+2 3
+3 3
-5 3
+2 3
-2 3
+1 6
+2 3
-2 3
+2 9
+2 6
-5 388
+1 194
+1 194
-2 194
+2 194
+3 194
-5 194
+2 194
-2 194
+1 388
+2 194
-2 194
+2 582
+2 388
+9 195
fi=(5)
253 390
+7 390
+4 390
fe=(76)
-94 780
fi=(4)
-28 537
fe=(76)
+29 358
+3 1053
+8 795
+4 318
-3 159
+1 159
+2 662
-3 13
+1 13
+2 224
+1 172
-1 172
+2 1032
+2 1032
cfi=(77)
cfn=(286)
calls=172 756 
* 90088
+3 172
+1 344
-4 172
+4 860
fi=(5)
+79 713
+3 176
-3 544
+3 192
-3 192
+3 384
+1 384
+1 432
+25 1138
407 60
fi=(6)
150 60
fi=(5)
407 314
fi=(6)
150 508
-19 788
+32 18
+1 16
+1 6
+3 4
+4 2
-2 2
+1 2
-3 2
+2 2
+2 2
-2 12
fi=(5)
273 2
+3 2
-3 2
+4 4
461 2
-1 4
+1 4
+1 2
cfi=(16)
cfn=(438) __x86_cpu_features
calls=1 39 
* 5
cob=(3)
cfi=(80) ./string/../sysdeps/x86/cacheinfo.h
cfn=(298) __x86_cacheinfo
calls=1 61 
* 27
fi=(6)
164 2
fi=(5)
463 2
fi=(6)
164 10
-13 264
fi=(5)
384 51
+2 68
+4 17
+9 17
-9 34
+9 17
fi=(6)
150 34
fi=(5)
444 3
+5 2
-1 3
+1 2
-1 1
cfi=(30)
cfn=(86)
calls=1 219 
* 10
+2 5
+1 2
273 80
fi=(6)
140 10
+3 2
fi=(5)
273 10
fe=(76)
-98 21
+3 7
-1 7
+19 7
-18 14
fi=(5)
281 32
+1 48
+11 32
+7 16
cob=(3)
cfi=(90)
cfn=(392)
calls=1 57 
* 21
cob=(3)
cfi=(90)
cfn=(398)
calls=1 57 
* 21
cob=(3)
cfi=(96)
cfn=(336)
calls=1 35 
* 18
cob=(3)
cfi=(84)
cfn=(306)
calls=1 36 
* 6
cob=(3)
cfi=(90)
cfn=(320)
calls=1 57 
* 21
cob=(3)
cfi=(85)
cfn=(308)
calls=1 48 
* 18
cob=(3)
cfi=(84)
cfn=(346)
calls=1 36 
* 6
cob=(3)
cfi=(84)
cfn=(396)
calls=1 36 
* 6
cob=(3)
cfi=(88)
cfn=(314)
calls=1 54 
* 23
cob=(3)
cfi=(93)
cfn=(326)
calls=1 43 
* 18
cob=(3)
cfi=(82)
cfn=(380)
calls=1 40 
* 24
cob=(3)
cfi=(102)
cfn=(388)
calls=1 38 
* 16
cob=(3)
cfi=(82)
cfn=(368)
calls=1 40 
* 24
cob=(3)
cfi=(102)
cfn=(372)
calls=1 38 
* 16
cob=(3)
cfi=(99)
cfn=(342)
calls=1 37 
* 20
cob=(3)
cfi=(118) ./string/../sysdeps/x86_64/multiarch/strstr.c
cfn=(412) strstr
calls=1 51 
* 9
* 48
+3 32
fe=(76)
+46 8
cfn=(406)
calls=4 +7 
* 96
+1 32
175 28
fi=(5)
-52 4
-2 2
fe=(76)
301 6
fi=(6)
179 2
73 2
179 9
+2 2
+1 2
-1 1
+3 1
-3 4
+3 2
-3 10
+1 10
-1 5
+3 5
-3 20
+3 10
+8 6
fi=(5)
+61 12
+7 12
+4 12
fe=(76)
-94 24
fi=(4)
-28 18
fe=(76)
+29 12
+3 36
+8 30
+4 12
-3 6
+1 6
+2 36
+4 30
-4 6
+4 12
cfi=(77)
cfn=(286)
calls=6 756 
* 2902
+3 6
+1 12
-4 6
+4 30
fi=(5)
+79 20
+3 2
-3 6
+3 2
-3 2
+3 4
+1 4
+1 4
+25 36
407 6
fi=(6)
195 18
-16 24
+30 6
fe=(76)

fl=(131) ./elf/../sysdeps/x86_64/dl-trampoline.h
fn=(458) _dl_runtime_resolve_xsave
76 2
+3 2
+2 2
+10 2
+6 2
+1 2
+1 2
+1 2
+1 2
+1 2
+1 2
+4 2
+1 2
+3 2
+1 2
+2 2
+1 2
+1 2
+1 2
+1 2
+1 2
+2 2
+7 2
+1 2
+1 2
cfi=(132)
cfn=(460)
calls=2 -84 
* 1534
+1 2
+5 2
+1 2
+1 2
+2 2
+1 2
+1 2
+1 2
+1 2
+1 2
+1 2
+2 2
+2 2
+4 2
+2 2

fl=(16)
fn=(36)
39 3
+2 1
cfi=(17)
cfn=(38)
calls=1 399 
* 7287

fn=(438)
39 3
+32 2

fl=(65)
fn=(216)
27 7
+4 1

fl=(117)
fn=(472)
117 4
+5 1

fn=(408)
117 16
+5 4

fl=(19)
fn=(114)
31 1
fi=(39) ./elf/../sysdeps/x86_64/dl-hwcaps-subdirs.c
+7 1
fe=(19)
-7 2
-1 2
fi=(39)
+22 1
fe=(19)
-20 3
+4 1
fi=(39)
+2 1
fe=(19)
-2 2
+3 4
+1 4
+5 1
fi=(39)
-7 1
fe=(19)
+7 3
fi=(39)
-2 1
fe=(19)
+5 2
+3 5
+2 4

fl=(125)
fn=(440)
29 2
-2 1
+6 3
-6 1
+6 3
-6 1
+6 1
cfi=(124)
cfn=(434)
calls=1 +41 
* 230
+4 2
+2 4
+2 1
-1 1
+1 2
-1 1
cob=(3)
cfi=(126) ./elf/./elf/libc_early_init.c
cfn=(442) __libc_early_init
calls=1 -7 
* 1083

fl=(66)
fn=(218)
143 4
+1 2
-1 2
+1 1
-1 1
+1 1
-1 1
+1 1
-1 5
+1 1
-8 1
+8 2
-8 1
-6 1
+6 1
-8 1
+16 1
-15 1
+1 1
+6 1
+24 4
-28 2
-2 1
+31 1
-33 2
+2 2
+30 2
-30 1
-1 4
+7 4
+24 2
-32 1
+60 1
-60 2
+54 1
+46 1
-64 1
fi=(73) ./elf/../include/scratch_buffer.h
-87 2
fe=(66)
+87 1
fi=(73)
-86 1
fe=(66)
184 1
+44 4
-31 1
-4 1
+4 5
-4 3
+4 6
+11 12
-18 2
+18 4
417 8
+2 2
+3 2
-3 6
+3 4
fi=(29)
56 2
cfi=(28)
cfn=(82)
calls=2 -21 
* 48
fe=(66)
423 6
fi=(29)
56 2
fe=(66)
423 2
+6 2
+1 10
cfi=(30)
cfn=(86)
calls=2 219 
* 20
+1 12
cfi=(30)
cfn=(86)
calls=2 219 
* 20
+4 2
-1 2
+5 12
188 6
+22 8
+8 2
-3 2
+1 2
+2 2
+3 2
-4 2
+4 6
-31 2
+31 2
-31 12
+42 4
-2 2
+2 4
cfi=(52)
cfn=(176)
calls=2 -57 
* 6024
* 2
+1 4
+9 2
+2 4
+5 2
+6 2
+2 2
-8 4
+3 2
+1 2
+1 2
+1 2
+4 10
+4 6
+1 3
-43 208
+1 104
+6 8
cfi=(31)
cfn=(146) _dl_dst_count
calls=2 +10 
* 104
* 10
+38 150
-45 10
fi=(73)
85 3
fe=(66)
448 5
+4 4
+11 5
fi=(29)
56 1
cfi=(28)
cfn=(82)
calls=1 -21 
* 24
fe=(66)
465 3
fi=(29)
56 1
fe=(66)
465 1
+5 1
+2 1
-2 1
+1 1
+3 1
-4 2
+4 1
+4 12
+7 4
-2 4
+2 4
-2 4
+2 4
+5 4
-16 12
+21 3
+37 2
+15 1
-11 1
+11 1
-14 2
+20 1
-1 4
+1 4
-1 5
cfi=(13)
cfn=(250)
calls=1 304 
* 260
+5 1
+2 1
+1 1
+1 1
-2 1
+2 2
+7 3
+3 2
+3 8
442 9
-1 4
+1 8
183 6
449 2
198 29
+3 2
fi=(73)
-70 6
cfi=(72)
cfn=(246)
calls=2 30 
* 38
fe=(66)
+70 4
+4 4
547 4
cfi=(30)
cfn=(86)
calls=1 219 
* 10
* 3

fn=(220)
61 4
+7 2
-4 4
+1 2
-1 16
cfi=(31)
cfn=(182)
calls=2 1971 
* 5890
* 2
+5 4

fl=(20)
fn=(50)
255 24
-5 12
+22 12
-22 84
+13 12
+1 12
+8 12
+7 12
-7 24
+8 12
-1 12
+1 48
+9 60
cfn=(52) intel_check_word.constprop.0
calls=12 123 
* 1215
+2 24
+3 5
cfn=(52)
calls=1 123 
* 20
+2 2
+3 5
cfn=(52)
calls=1 123 
* 265
+2 2
-35 4
+18 60
cfn=(52)
calls=12 123 
* 4032
+2 24
+24 96
-5 3

fn=(52)
123 78
-4 78
+10 104
-10 26
+10 52
+2 52
+71 50
fi=(21) ./elf/../bits/stdlib-bsearch.h
32 25
fe=(20)
202 125
-71 102
+2 63
+2 126
+8 126
+51 102
+22 51
fi=(21)
28 51
-1 102
+2 228
+2 178
+1 89
fe=(20)
+78 178
+3 345
fi=(21)
-82 282
-2 564
+2 512
+1 256
fe=(20)
+78 512
+15 15
246 104
fi=(21)
37 126
fe=(20)
155 36
+3 36
-6 12
+3 24
+9 24
+1 24
+22 21
-32 63
+3 63
+4 64
+2 128
+3 84
+1 50
+1 38
+1 24
+2 11
+2 22
+6 14
+3 8
+1 12
-3 12
-5 4
+2 4
+1 4
-2 4
-1 4
+2 8
-2 4
+3 4
-2 12
+2 12

fn=(56)
481 2
+16 1
-16 1
+19 1
+8 1
-27 3
+15 1
-15 3
+17 1
+1 1
-1 1
+13 2
-5 1
+17 1
+5 3
+4 2
680 4
+1 5
+4 2
+7 1
+3 1
-2 1
+2 1
-1 1
+1 5
537 5
+3 1
-3 1
+3 8
+6 2
-6 9
+6 6
+4 26
+14 2
+4 1
+3 1
+1 1
-4 2
+3 3
+6 2
-37 6
+7 8
+8 2
+4 1
+1 1
-1 2
+18 2
-69 8
+75 4
+8 7
+2 2
-2 1
+6 3
+3 1
+1 5
-4 3
+21 2
-21 4
+3 1
+1 4
-4 1
+6 4
+3 2
+5 1
+2 2
+1 1
+1 1
-2 2
+1 2
-19 5
+46 3
+1 2
+1 2
+2 2
-1 3
-23 2
-7 1
+11 2
+3 1
+2 4
+1 1
+5 2

fl=(27)
fn=(76)
59 39
+3 6
+21 2
-3 2
+3 2
cfi=(23)
cfn=(66)
calls=2 +18 
* 50
+4 4
-4 2
+9 2
-9 6
fi=(29)
-39 4
cfi=(28)
cfn=(78)
calls=2 +38 
* 95
fe=(27)
+39 1
fi=(29)
-39 2
cfi=(28)
cfn=(78)
calls=1 +38 
* 40
* 3
fe=(27)
+51 6
+5 3
+4 3
-6 3
+2 3
+4 3
-5 3
+4 3
+1 3
-1 3
+1 6
cfi=(30)
cfn=(86)
calls=3 219 
* 41
* 6
+2 3
+13 6
+6 1
+2 7
+3 2
-3 14
+3 4
+2 3
+4 3
+3 12
fi=(4)
1343 3
fe=(27)
139 2
+2 1
-2 2
fi=(4)
1343 45
fe=(27)
139 30
+2 15
-2 30
+16 6
-5 3
+5 3
-6 3
+30 3
-24 3
-6 3
+6 6
+2 4
+3 4
-3 4
+7 8
+4 4
+8 1
+3 1
+10 3
-10 2
+10 6
+2 2
+21 2
-21 2
cfi=(23)
cfn=(66)
calls=2 -90 
* 68
* 6
+17 2
-13 6
+50 6
cfi=(30)
cfn=(134)
calls=2 -39 
* 32
* 2
+5 4
+1 4
-1 80
+1 80
+2 4
+3 2
+3 2
+4 27
131 6
-8 2
-4 4
+34 1
+7 4
+8 8
fi=(29)
56 4
cfi=(28)
cfn=(82)
calls=2 -21 
* 48
* 2
fe=(27)
200 8
64 2
+2 3
+1 2
+4 6
+6 2

fn=(90)
31 3
+2 3
-2 6
+2 3
-2 6
+2 3
cfi=(25)
cfn=(92)
calls=3 +11 
* 6
+2 26
+3 20
+2 2
+2 2
+4 2
+4 2
-4 4
+1 4
+1 2
+3 2
-3 2
+3 4
-1 2
cfi=(25)
cfn=(92)
calls=2 -6 
* 4
-4 1
+4 1
-4 2
+1 2
+1 1
+3 1
-3 1
+3 2
-1 1
cfi=(25)
cfn=(92)
calls=1 -6 
* 2
-5 2

fl=(54)
fn=(230)
36 1
+3 1
-3 5
+3 1
-3 2
+3 1
cfi=(55)
cfn=(188)
calls=1 -8 
* 16
+1 2
+23 7
-21 4
cfi=(58)
cfn=(198)
calls=1 -13 
* 13
* 2
+2 2
+3 2
+13 2
cfi=(64) ./io/../sysdeps/unix/sysv/linux/close_nocancel.c
cfn=(212) __GI___close_nocancel
calls=1 -34 
* 5
* 1
-11 6
cfi=(60)
cfn=(202)
calls=1 -2 
* 8
* 2

fn=(184)
68 70
+1 28
cfi=(33)
cfn=(98)
calls=14 +62 
* 336
* 28
+3 14
+2 28
+6 15
-6 30
+1 54
cfi=(33)
cfn=(98)
calls=18 +56 
* 498
* 36
+8 3
-13 3
+13 20
-1 11
+1 33

fl=(31)
fn=(94)
876 2
-8 2
+8 2
-6 2
+12 4
-13 2
+13 2
-13 2
+13 4
+3 6
+1 4
+1 4
+43 2

fn=(224) open_path
1819 8
+1 1
-1 3
+1 1
+6 2
+5 1
-7 1
+7 1
+70 1
-70 1
+70 1
-70 1
+38 1
-38 1
+38 1
-38 1
+38 1
-46 1
+8 2
+3 2
+9 6
+7 2
-12 1
+13 1
-1 2
cfi=(30)
cfn=(134)
calls=1 206 
* 12
* 1
+1 20
+3 18
+5 63
cfi=(30)
cfn=(134)
calls=9 206 
* 112
* 36
cfi=(30)
cfn=(134)
calls=9 206 
* 108
+3 27
+6 27
+3 63
cfn=(186) open_verify.constprop.0
calls=9 1578 
* 468
* 9
+2 27
+2 18
+89 9
-24 5
+7 2
-2 1
+2 2
+3 4
1829 2
+51 18
+1 72
+6 18
+2 9
-2 18
+2 9
cfi=(67)
cfn=(226)
calls=9 28 
* 124
* 9
+3 9
-3 26
-38 16
+39 1
+2 1
-2 1
+2 7
-41 2

fn=(192) _dl_map_object_from_fd
944 22
+10 2
-10 6
+10 2
cfi=(46)
cfn=(194)
calls=2 41 
* 12
* 2
+7 8
+85 8
+10 4
+7 14
cfi=(27)
cfn=(76)
calls=2 59 
* 745
* 2
+1 4
+11 2
+5 2
-4 2
-1 2
+2 2
+2 2
-2 2
+2 4
+1 6
+1 2
+19 1
-2 1
+2 10
+10 1
-10 1
+10 3
-10 1
-2 1
+2 10
+10 1
-10 1
+10 3
+27 2
-33 2
-3 2
+2 2
-1 2
+35 2
+9 2
-50 2
+41 2
+9 2
-36 2
+63 10
-62 56
+20 2
+1 1
-22 63
+1 115
1223 4
1110 2
1223 4
1110 6
1228 14
+10 6
+1 2
-1 2
+1 2
-1 6
+1 6
-1 6
+1 6
-1 18
1076 4
1245 4
+10 8
+7 8
fi=(61) ./elf/./dl-map-segments.h
28 2
fe=(31)
1262 6
fi=(61)
28 4
+1 16
cfi=(60)
cfn=(202)
calls=2 +18 
* 16
+73 4
-1 2
-72 2
+73 2
+3 4
+1 2
+2 2
-3 2
+1 2
+2 2
+17 2
+2 2
fi=(62) ./elf/./dl-load.h
-36 16
fi=(61)
+58 32
+6 2
+2 2
-2 2
+1 2
+2 4
-1 8
+8 4
+3 6
+8 12
cfi=(44)
cfn=(138)
calls=2 -35 
* 243
* 2
+6 4
+12 8
-59 48
+2 24
+2 42
cfi=(60)
cfn=(202)
calls=6 -92 
* 48
* 12
fe=(31)
1111 24
+26 56
+8 16
+1 8
-1 8
+1 32
+1 8
-1 8
+1 8
+2 8
-2 8
+2 8
+2 8
-4 8
+1 16
-1 8
+4 40
+2 16
+13 16
+1 30
+5 6
+1 54
-28 6
+38 6
-11 2
+1 18
-28 2
+38 2
-66 4
+7 2
+2 2
-2 2
+1 2
+1 2
-1 4
+1 16
+60 3
+5 1
-1 2
+5 1
-5 2
-66 1
+71 4
+1 1
+3 1
-3 1
+8 4
+15 4
+1 2
fi=(57) ./elf/../sysdeps/posix/dl-fileid.h
37 6
cfi=(58)
cfn=(198)
calls=2 -8 
* 26
* 4
fe=(31)
999 4
fi=(57)
40 6
fe=(31)
999 2
fi=(57)
40 2
fe=(31)
999 23
+1 10
fi=(57)
49 12
fe=(31)
1525 18
1084 1
+1 2
-1 4
+1 1
-1 1
+1 1
cfi=(71)
cfn=(242)
calls=1 25 
* 6
* 2
1278 8
+1 6
fi=(63) ./elf/./elf/get-dynamic-info.h
39 4
+6 2
-2 2
+2 4
+9 2
+5 2
-1 2
-3 25
+13 7
-23 28
+23 36
-23 144
+4 86
+5 36
+2 10
fi=(62)
+36 4
+2 1
-1 2
+1 1
-1 1
+1 1
-1 1
+1 1
-1 2
+3 4
fe=(31)
1018 4
fi=(63)
59 8
+13 8
+12 7
+1 8
+1 8
+1 8
+1 7
+1 7
+1 7
+1 8
+12 2
+7 2
-7 14
+7 5
+5 2
+7 2
+1 6
+6 6
+1 3
+17 6
+5 2
+2 2
+2 2
+2 2
+4 6
+2 3
+1 2
+9 2
+6 2
+4 4
fe=(31)
1285 4
+1 4
+2 4
+10 6
+19 4
+2 12
+52 6
+1 2
+6 16
+1 40
+6 4
cfn=(94)
calls=1 876 
* 19
-7 46
+1 23
+6 23
-6 46
fi=(32)
212 6
+1 3
95 12
+10 2
212 1
105 2
-3 1
-1 1
+2 1
+2 2
-5 2
+93 4
-1 1
-87 3
+3 3
+1 2
+1 2
+4 3
+4 3
+3 3
+1 2
+4 1
+1 4
+4 2
+1 1
+3 2
+3 1
+1 4
+5 4
+7 2
+16 1
-3 2
+3 3
fe=(31)
1390 4
cfi=(64)
cfn=(212)
calls=2 26 
* 10
* 4
+13 4
+2 8
+2 4
+16 4
cfi=(8)
cfn=(14)
calls=2 28 
* 52
+4 4
+1 4
+17 4
+1 1
+3 1
+5 1
-5 1
+5 1
-5 1
+5 1
-5 1
+5 1
+10 4
+7 16
+10 4
+1 4
+5 2
cfi=(47)
cfn=(244) _dl_assign_tls_modid
calls=1 131 
* 9
+7 6
cfi=(27)
cfn=(90)
calls=2 31 
* 90
+3 8
+23 14
+1 6
cfi=(49)
cfn=(214)
calls=2 78 
* 8
* 2
-5 4
fi=(32)
198 8
+2 1
+1 1
+1 1
-2 1
+3 1
-3 2
+3 1
fi=(63)
62 8
+2 8
fi=(61)
186 8
cfi=(60)
cfn=(202)
calls=1 47 
* 8
+3 2
fe=(31)
1472 6
+2 1
-1 5
+1 1
-1 1
+1 1
-1 1
cfi=(33)
cfn=(98)
calls=1 131 
* 24
* 2
+2 5
1285 2

fn=(186)
1578 110
+32 11
-32 22
+32 22
+19 44
cfi=(55)
cfn=(188)
calls=11 31 
* 203
* 11
+2 22
+8 2
+6 6
-5 2
+5 10
cfi=(56)
cfn=(190)
calls=2 26 
* 10
+2 4
+2 4
+2 4
+6 4
+17 26
+81 4
+5 4
+6 8
+6 4
+6 2
+1 2
-1 6
+1 6
+26 99
-22 1
+1 2
-1 4
+1 1
cfi=(71)
cfn=(242)
calls=1 25 
* 6
* 2
1674 3
-59 18

fn=(110)
706 10
+14 1
-14 2
+14 2
cfi=(38)
cfn=(112)
calls=1 175 
* 1800
fi=(29)
56 1
fe=(31)
720 1
fi=(29)
56 1
cfi=(28)
cfn=(82)
calls=1 -21 
* 24
fe=(31)
725 1
+2 3
+8 2
-1 3
+5 3
fi=(29)
56 1
cfi=(28)
cfn=(82)
calls=1 -21 
* 24
fe=(31)
739 1
+2 4
+17 1
-10 1
+8 1
-9 1
+9 2
+11 1
-9 1
+3 2
+9 1
-2 1
+2 2
-7 1
-4 1
+3 1
+6 1
+2 1
-3 2
+1 16
cfi=(44)
cfn=(138)
calls=4 141 
* 68
+2 15
-14 3
+10 3
+4 9
-12 3
-2 3
+2 3
+4 3
-3 3
+3 3
+1 3
-2 3
+5 6
-3 3
+4 6
+15 1
+3 1
-15 1
+7 1
-1 1
+9 2
+2 4
+2 3
+36 5
+2 3
cfi=(23)
cfn=(66)
calls=1 101 
* 16
* 8
cfi=(30)
cfn=(86)
calls=1 219 
* 10
* 1
+5 4
-1 2
+2 1
+1 2
-2 4
+1 13
+1 26
-2 52
+5 1
fi=(29)
56 1
cfi=(28)
cfn=(82)
calls=1 -21 
* 24
fe=(31)
836 1
fi=(29)
56 1
fe=(31)
838 2
+6 6
cfn=(140) fillin_rpath.isra.0
calls=1 468 
* 638
+3 3
+6 1
+4 8
-49 1
-2 1
+2 2
+14 2

fn=(146)
238 4
+3 4
-3 12
+7 4
-7 4
+3 4
cfi=(42)
cfn=(124)
calls=4 33 
* 140
+3 8
+20 28

fn=(222) cache_rpath
681 6
+1 9
+17 6
-16 6

fn=(144) expand_dynamic_string_token
385 6
+10 2
-10 8
+10 2
cfn=(146)
calls=2 238 
* 104
+3 4
+12 2
-11 2
+11 8
-11 2
cfi=(45)
cfn=(148)
calls=2 40 
* 160

fn=(140)
468 7
+4 1
-4 9
+6 3
cfi=(7)
cfn=(142)
calls=1 242 
* 282
* 3
cfi=(7)
cfn=(142)
calls=1 242 
* 8
* 6
+7 2
+2 3
cfn=(144)
calls=1 -98 
* 125
* 1
+4 2
+5 2
cfi=(23)
cfn=(66)
calls=1 101 
* 16
* 1
+1 2
+7 5
+9 15
+1 8
fi=(29)
50 2
cfi=(28)
cfn=(152)
calls=1 +47 
* 4
+1 1
fe=(31)
528 4
+4 4
fi=(29)
56 1
cfi=(28)
cfn=(82)
calls=1 -21 
* 24
* 1
fe=(31)
534 2
+5 1
+1 2
-1 1
-1 1
+2 1
cfi=(30)
cfn=(134)
calls=1 206 
* 12
+3 1
-3 1
+1 1
+2 1
+6 1
+1 1
-1 3
+1 4
+1 1
-1 3
+1 8
-1 24
+3 1
+1 1
-1 1
+1 2
+1 1
+6 2
+1 1
+3 3
-60 4
+66 1
+3 10

fn=(182)
1971 30
+8 6
+1 12
+3 45
+5 49
+2 21
cfi=(54)
cfn=(184)
calls=7 68 
* 637
* 14
+4 12
+1 18
+4 2
-1 10
+1 2
+1 2
-1 2
+1 4
cfi=(33)
cfn=(98)
calls=2 131 
* 48
* 4
2274 27
2015 2
-1 4
+1 4
-1 4
-41 2
+50 6
+17 4
-2 2
+2 2
cfi=(42)
cfn=(124)
calls=2 33 
* 46
* 4
2206 2
-1 3
cfn=(144)
calls=1 385 
* 175
+2 1
-3 1
+1 1
+2 2
+4 8
cfn=(186)
calls=1 1578 
* 101
* 1
+3 2
+12 8
+45 2
+1 4
-1 2
+1 22
cfn=(192)
calls=2 944 
* 3792
* 6
2044 2
cfi=(23)
cfn=(66)
calls=1 101 
* 16
* 2
+2 2
+7 4
+51 14
cfn=(224)
calls=1 1819 
* 1418
+6 1
-6 1
+6 4
+1 6
cfn=(222)
calls=1 681 
* 9
* 2
+8 1
+14 2
+2 3
+4 2
cfi=(68)
cfn=(228)
calls=1 413 
* 1332
* 1
+2 2
+4 2
+8 3
+23 8
cfn=(186)
calls=1 1578 
* 120
* 1
+4 2
+1 1
+17 2
2078 4
+1 9
cfn=(222)
calls=1 681 
* 9
* 4
+9 2
+15 2
+1 2
-47 1
+1 1
+7 9
-3 3
+1 6
cfn=(222)
calls=1 681 
* 9
* 2
+9 4
+5 2
+1 2

fl=(26)
fn=(74)
29 3
+3 52
+13 42
-13 84
+2 88
+1 14
+5 2
-3 2
+3 2
+2 2
+7 1

fl=(123)
fn=(432)
30 1
+10 3
-10 1
+10 1
-10 1
+7 1
+3 3
cfi=(124)
cfn=(434)
calls=1 +34 
* 205
+4 2
+1 8
+2 3
-2 1
+2 3
cfi=(124)
cfn=(434)
calls=1 +27 
* 184
+4 2
+1 6
+1 2
-1 1
+1 2

fl=(11)
fn=(58)
158 30
+2 5
cfn=(60) do_tunable_update_val
calls=5 -61 
* 190

fn=(22)
282 8
-9 3
+34 5
71 225
+6 44
-3 44
+3 3855
357 8
81 88
+5 132
fi=(12) ./elf/./elf/dl-tunables.h
+54 44
fe=(11)
-54 44
fi=(12)
+54 44
+1 112
-1 116
+1 112
fe=(11)
323 176
-18 6512
+6 8932
fi=(12)
140 792
+1 792
-1 9
+1 36
-1 45
fe=(11)
+12 88

fn=(28)
408 217
+9 31
-9 122
+9 10
+17 155
+2 31
-9 21
+1 21

fn=(60)
99 5
+3 15
fi=(22) ./elf/./dl-tunable-types.h
-12 5
fe=(11)
+21 5
+1 5
fi=(22)
-22 5
fe=(11)
+22 15
+1 25
fi=(12)
+8 10
fe=(11)
+13 5
+1 5
+1 5
+1 5
+1 5
fi=(12)
-16 5
fe=(11)
-6 10
fi=(12)
+15 5
fe=(11)
-12 15
+4 20
+7 10
+1 10

fl=(47)
fn=(268)
221 7
+6 3
+3 2
+36 3
+2 1
-2 1
-2 1
-40 1
-1 1
-1 1
+46 2
+23 3
+3 1
-3 5
+2 2
-2 1
-25 1
+20 1
-20 5
+2 2
+3 1
-1 1
+5 2
-5 1
+1 1
-1 1
+3 2
+2 3
+32 2
-1 1
+53 1
-52 5
+2 2
+51 8

fn=(272) allocate_dtv
365 1
fi=(29)
44 1
fe=(47)
365 3
+5 1
+4 1
+1 1
fi=(29)
44 1
cfi=(28)
cfn=(78)
calls=1 +38 
* 34
fe=(47)
376 2
+3 1
+6 3
+6 4

fn=(266)
97 1
+4 1
-4 2
+4 1
-4 2
+4 3
cfi=(11)
cfn=(28)
calls=1 408 
* 20
* 1
+1 4
cfi=(11)
cfn=(28)
calls=1 408 
* 20
+6 1
+2 1
-8 1
+6 2
+2 3
+3 1
+2 1
-32 3
+34 3
+1 5

fn=(244)
131 1
+3 1
+13 1
-13 1
+52 1
+2 1
+3 1
+1 2

fn=(270)
422 1
+2 1
-2 1
+13 1
-13 1
+14 1
fi=(29)
56 1
cfi=(28)
cfn=(82)
calls=1 -21 
* 51
fe=(47)
437 2
+8 5
+5 1
-5 1
+1 1
+4 304
+19 1
+2 2
cfn=(272)
calls=1 365 
* 53

ob=(5)
fl=(140)
fn=(1054)
0 13

fn=(1196)
0 3

fn=(1242)
0 858
cfn=(1244)
calls=286 0 
0 9424
0 1716

fn=(1420)
0 958
cob=(3)
cfi=(184)
cfn=(1426)
calls=91 249 
0 2282
0 91
0 614

fn=(1842)
0 360

fn=(1904)
0 510
cfn=(1042)
calls=34 0 
0 1122
0 306
cfn=(1908)
calls=34 0 
0 68860
0 136
cfn=(1208)
calls=34 0 
0 3898
0 340

ob=(1)
fl=(47)
fn=(270)
472 2
+3 4

fn=(414)
528 9
+1 2
+4 1
+6 1
-6 1
+6 1
cfi=(25)
cfn=(92)
calls=1 44 
* 2
+3 3
+12 1
-18 1
+42 3
-19 12
+9 3
+1 2
+6 3
+3 1
-2 1
+2 1
-2 1
+2 4
+4 1
-4 1
+4 1
-1 2
+4 2
+1 4
+2 2
+1 2
+17 1
-8 1
+8 1
+2 3
cfi=(30)
cfn=(134)
calls=1 206 
* 12
* 5
cfi=(44)
cfn=(138)
calls=1 141 
* 24
+6 1
-55 4
+6 5
+55 2
cfi=(25)
cfn=(92)
calls=1 44 
* 2
+3 2
+3 9

ob=(5)
fl=(140)
fn=(1904)
0 136
cfn=(1940)
calls=34 0 
0 1564
0 34

fn=(2254)
0 8
cob=(3)
cfi=(197) ./signal/../sysdeps/posix/sigsetmask.c
cfn=(2260) sigsetmask
calls=1 26 
0 69
0 1
0 6
cfn=(2266)
calls=1 0 
0 37
0 7
cfn=(2698)
calls=1 0 
0 29
0 2
cob=(3)
cfi=(197)
cfn=(2260)
calls=1 26 
0 69
0 1
0 4
cfn=(2718)
calls=1 0 
0 6503

fn=(2432)
0 62
cfn=(1700)
calls=5 0 
0 120
0 32

ob=(1)
fl=(47)
fn=(410)
1015 7
+6 1
+3 1
+1 1
+4 3
+34 2
+3 3
+1 3
+3 6

fn=(156)
199 2
+1 1
+15 2

fl=(64)
fn=(212)
26 12
+1 3

ob=(3)
fl=(221)
fn=(2836)
27 1
+3 1
+1 2

fl=(153) ./signal/../sysdeps/unix/sysv/linux/libc_sigaction.c
fn=(610) __libc_sigaction
43 35
+5 14
+2 4
+1 4
+7 4
-7 16
-1 4
+1 12
+2 4
-2 8
+7 4
-7 4
+2 4
-2 4
+2 12
+5 12
-7 16
+7 42
+5 20
+2 3
+1 12
-1 3
+2 3
-1 18
+1 3
+1 3
-2 6
+2 3
-2 12
+5 42
-13 9

fl=(200) ./posix/../sysdeps/unix/sysv/linux/wait4.c
fn=(2304) wait4
30 2
-3 2
+3 10
+79 1
-79 5

fl=(139)
fn=(498)
84 4
+1 3
+1 3
+2 1

fl=(176)
fn=(976)
40 4
+1 1
cfi=(177)
cfn=(980)
calls=1 +24 
* 21
* 1
* 1
+1 2
cob=(2)
cfi=(51)
cfn=(982) 0x0000000004872368
calls=1 -42 
* 176
+2 2
+4 1
-1 3
+1 2
-1 1
cfi=(178)
cfn=(986)
calls=1 264 
* 11
* 1

fl=(165)
fn=(870)
26 69
+1 276
+5 207
+2 69
-2 69
+2 138
cfi=(166) ./libio/./libio/vsnprintf.c
cfn=(872) __vsnprintf_internal
calls=69 +61 
* 62971

fl=(174)
fn=(944)
28 92
+1 368
cfi=(175) ./io/../sysdeps/unix/sysv/linux/fstatat64.c
cfn=(946) fstatat
calls=92 154 
* 914

fl=(146) ./setjmp/./setjmp/sigjmp.c
fn=(534) __sigjmp_save
28 40
+2 40
-1 20
+5 60

fl=(155)
fn=(712)
3281 525
+7 210
1338 208
+19 525
3298 210
+2 420
+3 208
+10 110
+28 275
3235 4
cfn=(722) tcache_init.part.0
calls=1 -6 
* 461
+68 2
+1 4
+1 309
3187 100
+1 100
+2 50
+1 50
-1 150
+1 50
+1 50
3341 250
-26 220
cfn=(724) _int_malloc
calls=55 1338 
* 7205
+1 275
fi=(156) ./malloc/./malloc/arena.c
162 110
315 1
cfn=(716) ptmalloc_init.part.0
calls=1 -2 
* 1102
fe=(155)
1338 2

fn=(1972) _int_free
4417 432
+10 54
-10 162
+10 108
+6 270
+1 108
+4 270
+8 270
-1 108
+1 108
+9 52
+9 52
-15 52
+6 104
+20 208
+14 4
4698 594
4565 4
+6 6
+7 2
-4 2
+4 4
+3 4
+5 6
+3 4
+1 4
+1 4
2006 6
4597 4
+9 4
+62 4
+1 6
+3 6
3177 52
+2 52
-4 52
+2 156
+1 52
+1 52
4478 52
4688 6
-39 2
+1 6
+1 4
-68 6
-2 4
+93 10
+2 2
cfn=(2676) systrim.constprop.0
calls=1 2980 
* 25
* 1

fn=(2214)
3394 9
+6 2
+4 2
3510 1
-98 1
+98 6
-98 1
cfn=(712)
calls=1 3281 
* 171
-1 2

fn=(722)
3229 3
+9 8
+1 3
cfn=(724)
calls=1 1338 
* 346
* 1
+1 2
+8 4
+9 1
+1 2
-1 1
+1 86
+3 4

fn=(726) sysmalloc
2542 9
+20 4
+11 2
+1 2
-11 1
+37 1
+11 1
-10 3
+1 1
+9 4
+6 3
+3 3
2935 2
+1 1
+5 2
+3 2
+5 2
-2 1
+2 1
-1 1
+1 1
-3 1
+3 1
+1 1
-1 3
+1 1
+2 1
+6 11
2681 2
+9 4
+13 3
+8 5
+8 2
+39 2
+2 3
+6 2
-45 4
cfi=(158) ./malloc/./malloc/morecore.c
cfn=(728) __glibc_morecore
calls=1 26 
* 53
+1 2
-1 1
+1 1
2022 1
2723 1
2022 4
2604 2
2769 4
+40 3
+22 2
+1 1
-1 1
+1 6
+2 2
+1 4
cfi=(158)
cfn=(728)
calls=1 26 
* 25
+12 3
-12 1
+12 1
2022 4
2891 4
-1 1
-1 1
+1 3
+1 1
+11 2
2759 2
2034 3

fn=(1968)
3350 110
-4 54
+14 54
-14 108
+12 54
+4 54
-4 54
+4 108
+17 162
fi=(156)
162 162
fe=(155)
3385 108
cfn=(1972)
calls=54 4417 
* 3560
+3 54
+1 217

fn=(2676)
2980 1
-9 5
+11 1
+1 2
+5 1
+1 1
-1 2
+4 5
+2 2
-10 1
+50 4

fn=(724)
1338 112
3766 448
1357 56
3766 56
1357 168
3807 112
+27 112
+2 300
+3 50
+2 100
+56 12
+62 25
+1 6
+20 56
-1 56
-1 56
+1 112
+1 222
+4 55
+6 220
-6 1
+6 4
-90 54
+2 54
-2 54
+2 108
-61 162
4409 504
4179 112
+2 4
+3 2
-3 2
+3 4
+68 56
+1 56
+1 56
-1 56
+1 56
+1 112
+1 168
+5 112
3899 12
4140 112
4268 636
-3 645
4365 56
+1 112
+2 112
+3 169
+17 3
+17 224
cfn=(736) alloc_perturb
calls=56 1999 
* 224
* 112
-2 3
cfn=(726)
calls=1 2542 
* 232
* 1
+1 2
-28 55
-2 55
+2 55
-1 55
+1 55
-3 55
+8 55
-5 55
+2 55
-2 220
+2 55
+4 55

fn=(736)
1999 168
+2 56

fl=(181) ./io/../sysdeps/unix/sysv/linux/fcntl_nocancel.c
fn=(1114) __fcntl64_nocancel_adjusted
51 8
+1 4
+11 8
+1 10

fl=(126)
fn=(442)
33 6
+2 1
cfi=(127) ./ctype/./ctype/ctype-info.c
cfn=(444) __ctype_init
calls=1 -4 
* 16
+3 1
fi=(129) ./elf/../sysdeps/nptl/pthread_early_init.h
-5 2
fe=(126)
+8 1
-3 1
+3 1
fi=(129)
-8 1
cfi=(128) ./resource/../sysdeps/unix/sysv/linux/getrlimit64.c
cfn=(446) getrlimit
calls=1 +5 
* 9
* 3
+1 1
+4 5
+7 1
fi=(227) ./elf/../nptl/nptl-stack.h
+13 3
fi=(129)
-13 1
fi=(227)
+13 2
fi=(129)
-4 1
fi=(227)
+4 3
fi=(129)
-6 1
-6 1
+6 6
+1 1
+4 1
cfi=(130) ./nptl/./nptl/pthread_mutex_conf.c
cfn=(450) __pthread_tunables_init
calls=1 -7 
* 872
fe=(126)
-10 3
+2 2
-2 1
cfi=(133) ./nptl/../sysdeps/unix/sysv/linux/x86/elision-conf.c
cfn=(464) __lll_elision_init
calls=1 +49 
* 136

fl=(169) ./stdio-common/./stdio-common/vfprintf-internal.c
fn=(882) __vfprintf_internal
684 759
+30 345
+8 207
+4 345
+11 138
+11 69
fi=(228) ./stdio-common/./stdio-common/printf-parse.h
82 138
fe=(169)
748 207
fi=(228)
82 69
cfi=(162)
cfn=(770)
calls=69 -27 
* 1242
* 69
fe=(169)
763 138
fi=(228)
82 69
fe=(169)
759 69
+4 138
+4 138
fi=(173) ./stdio-common/../libio/libioP.h
940 69
fe=(169)
239 69
767 69
fi=(173)
940 276
+2 138
+1 138
fe=(169)
239 276
cfi=(167) ./libio/./libio/genops.c
cfn=(886) _IO_default_xsputn
calls=69 371 
* 1437
* 138
127 621
767 138
+4 207
+4 483
-57 69
+57 69
-23 69
-8 138
+73 834
1111 138
+1 138
+3 828
817 417
-7 139
+7 139
-11 139
-1 139
-2 139
+14 139
-13 139
-2 139
-3 139
+18 278
-19 139
+9 139
-10 139
+20 139
-21 139
-1 139
+22 139
-6 278
-89 138
1092 139
fi=(228)
82 139
fe=(169)
1086 139
+6 139
fi=(228)
82 278
cfi=(162)
cfn=(770)
calls=139 -27 
* 2502
* 139
fi=(173)
942 139
+1 139
fe=(169)
1096 139
-4 139
fi=(228)
82 139
fe=(169)
239 139
1096 139
fi=(173)
942 278
+1 278
fe=(169)
239 556
cfi=(167)
cfn=(886)
calls=139 371 
* 6583
* 278
127 1807
1096 278
+2 347
fi=(170) ./stdio-common/./stdio-common/vfprintf-process-arg.c
382 416
+10 208
+27 312
+10 208
-66 832
+5 208
144 70
+20 385
cfi=(171) ./stdio-common/./stdio-common/_itoa.c
cfn=(890) _itoa_word
calls=35 +2 
* 1232
+2 70
-2 35
+2 140
+18 70
-15 175
+9 70
+2 35
-2 105
+2 70
+2 105
+2 105
+4 175
+3 70
+13 70
+6 35
fe=(169)
-18 70
+47 35
fi=(173)
942 35
+1 35
-1 70
+1 70
fe=(169)
239 140
cfi=(167)
cfn=(886)
calls=35 371 
* 1935
* 70
127 455
fi=(170)
+86 70
48 35
+1 35
-1 70
+2 68
+8 70
-1 35
+1 35
-23 70
fe=(169)
983 11
+21 1
-21 7
fi=(170)
174 315
-80 70
-45 8
fe=(169)
192 70
fi=(170)
+2 70
fe=(169)
+45 104
fi=(173)
942 104
+1 104
-1 208
+1 208
fe=(169)
239 416
cfi=(167)
cfn=(886)
calls=104 371 
* 8738
* 208
127 1352
fi=(170)
397 208
cfi=(177)
cfn=(980)
calls=104 65 
* 1352
* 104
* 208
52 68
+1 272
382 312
fe=(169)

fl=(213) ./intl/./intl/dcgettext.c
fn=(2800) dcgettext
46 1
+1 4
cfi=(214) ./intl/./intl/dcigettext.c
cfn=(2802) __dcigettext
calls=1 485 
* 454

fl=(178)
fn=(1022)
251 127
+1 127
+1 127
+17 127
+1 127
+2 1
+1 1
+1 1
+3 1
+1 1
+1 1
+3 2
+30 126
+1 126
+2 96
+1 96
+2 45
+4 45
+1 20
+1 20
+1 20
+1 20
+1 20
+1 20
+2 20
+2 20
+6 25
+1 25
+1 25
+1 25
+1 25
+7 30
+1 30
+1 30
+1 30
+2 30
+17 51
+1 51
+1 51
+1 51
+1 51

fn=(986)
264 2
+6 2
+1 2
+2 2
+1 2
+1 2
+3 1
+1 1
+1 1
+3 2
394 1
+1 1
+5 1
+1 1
+2 1
+1 1
+1 1
+2 1
+1 1
+1 1
+1 1
+1 1
+1 1
+1 1
+1 1
+1 1
+1 1
+1 1
+1 1
+1 1
+1 1
+1 2

fl=(219) ./nptl/./nptl/pthread_rwlock_unlock.c
fn=(2812) pthread_rwlock_unlock@@GLIBC_2.34
30 12
+8 3
+1 3
-1 6
fi=(215) ./nptl/./nptl/pthread_rwlock_common.c
221 9
+11 3
-11 9
+15 3
+4 9
+14 9
+5 6
+16 9
fe=(219)
44 15
fi=(215)
243 12
+1 6
fe=(219)

fl=(151)
fn=(606)
27 21
fi=(152) ./signal/../sysdeps/unix/sysv/linux/internal-signals.h
+26 7
fe=(151)
-26 14
+6 7
cfi=(153)
cfn=(610)
calls=7 +10 
* 340

fl=(147)
fn=(540)
26 4
+1 2

fl=(215)
fn=(2804) pthread_rwlock_rdlock@@GLIBC_2.34
298 12
fi=(216) ./nptl/./nptl/pthread_rwlock_rdlock.c
23 9
fe=(215)
310 9
+43 9
+17 6
+20 6
+1 3
fi=(216)
29 15
fe=(215)

fl=(80)
fn=(298)
61 1
+3 3
+2 1
+1 1
-1 2
+7 3
+2 1
+1 1
-1 2
+5 2
+2 2
+1 2
+1 2
+2 2
fi=(81) ./string/../sysdeps/x86/cacheinfo.c
* 2
fe=(80)

fl=(159) ./misc/./misc/sbrk.c
fn=(730) sbrk
37 2
+3 2
+3 2
-6 6
+3 2
+3 2
+35 5
-20 4
+1 2
cfi=(160) ./misc/../sysdeps/unix/sysv/linux/brk_call.h
cfn=(732) brk
calls=1 -35 
* 8
* 2
+4 1
-1 4
+4 4
+8 1
cfi=(160)
cfn=(732)
calls=1 -50 
* 8
* 2
+4 5

fl=(97)
fn=(338)
38 10
-1 4
+2 6
+6 4
-3 4
+9 6
+3 8
fi=(229) ./wcsmbs/../sysdeps/x86_64/multiarch/wmemchr.c
-23 2
fe=(97)

fl=(199)
fn=(2302)
25 2
+1 8
cfi=(200)
cfn=(2304)
calls=2 +4 
* 20

fl=(96)
fn=(384)
35 5
+1 3
+3 2
+4 3
+3 4
fi=(230) ./string/../sysdeps/x86_64/multiarch/strncpy.c
-17 1
fe=(96)

fn=(336)
35 10
+1 6
+3 4
+4 6
+3 8
fi=(231) ./string/../sysdeps/x86_64/multiarch/stpncpy.c
-15 2
fe=(96)

fl=(138) ./string/../sysdeps/x86_64/multiarch/strrchr-avx2.S
fn=(496) __strrchr_avx2
54 1
+1 1
+2 1
+1 1
+4 1
+1 1
+1 1
+3 1
+2 1
+1 1
+1 1
+1 1
+3 1
+1 1
+2 1
+1 1
+1 1
+1 1
+1 1
+9 2

fl=(149)
fn=(598)
27 12
fi=(150) ./signal/../sysdeps/unix/sysv/linux/sigsetops.h
+85 12
fe=(149)
-77 6
+1 6

fl=(179)
fn=(1092)
30 2
+3 2
-3 16
+3 12
+8 18
+2 14
-2 5

fl=(197)
fn=(2260)
26 2
fi=(198) ./signal/../sysdeps/unix/sysv/linux/sigset-cvt-mask.h
+6 2
fe=(197)
-6 6
fi=(198)
+6 2
-4 2
+4 4
-4 2
+4 40
cfi=(194)
cfn=(2240)
calls=2 -8 
* 62
* 4
+9 2
fe=(197)
-5 10

fl=(180)
fn=(1112)
38 10
+4 10
+6 8
+3 2
cfi=(181)
cfn=(1114)
calls=2 * 
* 30
+1 10

fl=(127)
fn=(444)
31 7
+2 4
+2 4
+1 1

fl=(136)
fn=(490)
46 3
+5 2
+4 5
+8 1
-2 1
+10 1
-9 1
+1 1
+9 2
-1 1
cfi=(137) ./misc/./misc/init-misc.c
cfn=(492) __init_misc
calls=1 -40 
* 46

fl=(105)
fn=(358)
34 5
+1 2
+1 2
+1 3
+3 2
+4 3
+3 4
fi=(232) ./string/../sysdeps/x86_64/multiarch/memcmp.c
-18 2
fe=(105)

fl=(175)
fn=(946)
154 93
-55 186
+70 189
+1 3
-2 270
+1 180

fl=(188)
fn=(1854)
62 91
+2 91
+5 91
+2 91
+1 91
+1 91
+2 43
+1 43
+2 43
+1 43
+1 43
+14 43
+1 43
307 48
+1 48
+1 48
+1 48
+10 48
+1 48
+31 43
+2 43
+2 43
+1 43
-3 48
+2 48
+1 48
+1 91
+1 91
+1 91
+1 91
+1 85
+1 85
+1 66
+1 66
+1 60
+1 60
+1 36
552 36
+1 36
+9 72
+4 24
+1 24
+1 24
+9 48
+4 6
+1 6
+9 12
+4 19
+1 19
+1 19
+1 19
+10 38
+4 6
+1 6
+1 6
+1 6
+10 12

fn=(2526)
62 3
+7 3
+2 3
+1 3
+1 3
+2 1
+1 1
+2 1
+1 1
+1 1
+14 1
+1 1
307 2
+1 2
+1 2
+1 2
+10 2
+1 2
+31 1
+2 1
+2 1
+1 1
-3 2
+2 2
+1 2
+1 3
+1 3
+1 3
+1 3
+1 2
+1 2
+1 1
+1 1
+1 1
+1 1
+1 1
552 1
+1 1
+2 1
+7 2
+33 1
+1 1
+1 1
+1 1
+2 1
+8 2
+4 1
+1 1
+1 1
+1 1
+2 1
+8 2

fl=(148)
fn=(636)
91 4
+2 2

fn=(1158)
91 2
+2 1

fn=(2772)
120 4
+3 5

fn=(552)
91 2
+2 1

fn=(546)
91 2
+2 1

fn=(564)
91 2
+2 1

fn=(858)
91 2
+2 1

fl=(204) ./io/../sysdeps/unix/sysv/linux/fstat64.c
fn=(2616) fstat
29 1
+1 2
+5 3
cfi=(175)
cfn=(946)
calls=1 154 
* 7

fl=(90)
fn=(398)
57 6
-1 4
+4 6
+14 4
+3 4
+8 4
+8 4
+3 10

fn=(320)
57 6
-1 4
+4 6
+14 4
+3 4
+8 4
+8 4
+3 10

fn=(392)
57 6
-1 4
+4 6
+14 4
+3 4
+8 4
+8 4
+3 10

fl=(106)
fn=(360)
36 10
+1 6
fi=(107) ./wcsmbs/../sysdeps/x86_64/multiarch/wmemset.c
-6 2
fe=(106)

fl=(142) ./stdlib/./stdlib/cxa_atexit.c
fn=(506) __cxa_atexit
70 2
cfn=(508) __internal_atexit
calls=1 -34 
* 68

fn=(510) __new_exitfn
88 2
-6 4
+11 1
-10 1
+10 4
+2 4
-2 1
+10 1
-10 3
+45 1
+5 1
-4 1
+4 4
-18 1
-1 1
+12 1

fn=(508)
36 5
+5 2
+2 8
+1 2
cfn=(510)
calls=1 +44 
* 31
+2 2
+10 1
-3 1
+4 1
+1 1
-5 2
+2 1
+4 4
+1 1
+1 6

fl=(156)
fn=(716)
313 1
fi=(155)
3156 3
fe=(156)
313 5
+5 1
fi=(155)
3156 2
cfi=(157) ./stdlib/../sysdeps/unix/sysv/linux/getrandom.c
cfn=(718) getrandom
calls=1 29 
* 7
* 2
fe=(156)
343 2
+4 3
fi=(155)
1960 4
+3 1
-3 1
+3 2
-3 2
+3 126
-3 126
+3 252
-3 252
fe=(156)
352 3
fi=(155)
1971 1
+1 1
+2 1
fe=(156)
352 1
cob=(1)
cfi=(11)
cfn=(28)
calls=1 +56 
* 20
* 1
+1 4
cob=(1)
cfi=(11)
cfn=(28)
calls=1 +55 
* 19
* 1
+1 4
cob=(1)
cfi=(11)
cfn=(28)
calls=1 +54 
* 20
* 1
+1 4
cob=(1)
cfi=(11)
cfn=(28)
calls=1 +53 
* 20
* 1
+1 4
cob=(1)
cfi=(11)
cfn=(28)
calls=1 +52 
* 19
* 1
+1 4
cob=(1)
cfi=(11)
cfn=(28)
calls=1 +51 
* 20
* 1
+1 4
cob=(1)
cfi=(11)
cfn=(28)
calls=1 +50 
* 20
* 1
+2 4
cob=(1)
cfi=(11)
cfn=(28)
calls=1 +48 
* 20
* 1
+1 4
cob=(1)
cfi=(11)
cfn=(28)
calls=1 +47 
* 20
* 1
+1 4
cob=(1)
cfi=(11)
cfn=(28)
calls=1 +46 
* 20
* 1
+3 4
cob=(1)
cfi=(11)
cfn=(28)
calls=1 +43 
* 20
* 1
+1 4
cob=(1)
cfi=(11)
cfn=(28)
calls=1 +42 
* 20
* 1
+1 2
+63 7

fl=(99)
fn=(400)
37 4
-1 2
fi=(116) ./string/../sysdeps/x86_64/multiarch/strncase.c
-5 2
fe=(99)
+7 3
+3 2
+4 3
+3 4

fn=(376)
37 4
-1 2
fi=(111) ./string/../sysdeps/x86_64/multiarch/strcasecmp_l.c
-5 2
fe=(99)
+7 3
+3 2
+4 3
+3 4

fn=(342)
37 8
-1 4
fi=(100) ./string/../sysdeps/x86_64/multiarch/strcasecmp.c
-5 4
fe=(99)
+7 6
+3 4
+4 6
+3 8

fn=(354)
37 4
-1 2
fi=(104) ./string/../sysdeps/x86_64/multiarch/strncase_l.c
-5 2
fe=(99)
+7 3
+3 2
+4 3
+3 4

fl=(133)
fn=(464)
96 1
+5 1
-5 1
+5 1
-5 3
+5 3
cob=(1)
cfi=(11)
cfn=(28)
calls=1 408 
* 19
* 1
+2 4
cob=(1)
cfi=(11)
cfn=(28)
calls=1 408 
* 19
* 1
+2 4
cob=(1)
cfi=(11)
cfn=(28)
calls=1 408 
* 19
* 1
+2 4
cob=(1)
cfi=(11)
cfn=(28)
calls=1 408 
* 19
* 1
+2 4
cob=(1)
cfi=(11)
cfn=(28)
calls=1 408 
* 19
* 1
+4 3
+1 1
+1 6

fl=(212) ./locale/./locale/uselocale.c
fn=(2798) uselocale
31 6
+2 4
+3 4
+1 2
+28 6
+1 6
+2 6
+4 6
+1 2

fl=(91)
fn=(322)
40 10
-2 4
fi=(92) ./wcsmbs/../sysdeps/x86_64/multiarch/wcschr.c
-7 4
fe=(91)
+10 4
+1 6
+3 4
+4 6
+3 10

fn=(332)
40 5
-2 2
fi=(95) ./wcsmbs/../sysdeps/x86_64/multiarch/wcscmp.c
-8 2
fe=(91)
+11 2
+1 3
+3 2
+4 3
+3 5

fl=(210) ./string/./string/strerror_l.c
fn=(2794) strerror_l
38 9
+1 2
+1 1
cfi=(211) ./stdio-common/./stdio-common/errlist.c
cfn=(2796) __get_errlist
calls=1 -9 
* 9
* 1
+1 2
-13 2
cfi=(212)
cfn=(2798)
calls=1 +3 
* 21
+1 3
-1 1
+1 1
cfi=(213)
cfn=(2800)
calls=1 +17 
* 459
+1 1
-1 1
+1 1
cfi=(212)
cfn=(2798)
calls=1 +1 
* 21
+24 1
+2 9

fl=(82)
fn=(368)
40 10
-2 4
fi=(109) ./string/../sysdeps/x86_64/multiarch/strchrnul.c
-7 4
fe=(82)
+10 4
+1 6
+3 4
+4 6
+3 10

fn=(364)
40 5
-2 2
fi=(108) ./string/../sysdeps/x86_64/multiarch/memrchr.c
-9 2
fe=(82)
+12 2
+1 3
+3 2
+4 3
+3 5

fn=(380)
40 10
-2 4
fi=(112) ./string/../sysdeps/x86_64/multiarch/strlen.c
-9 4
fe=(82)
+12 4
+1 6
+3 4
+4 6
+3 10

fn=(328)
40 5
-2 2
fi=(94) ./string/../sysdeps/x86_64/multiarch/strrchr.c
-10 2
fe=(82)
+13 2
+1 3
+3 2
+4 3
+3 5

fn=(302)
40 10
-2 4
fi=(83) ./string/../sysdeps/x86_64/multiarch/strnlen.c
-7 4
fe=(82)
+10 4
+1 6
+3 4
+4 6
+3 10

fl=(84)
fn=(346)
36 10
fi=(233) ./string/../sysdeps/x86_64/multiarch/strcspn.c
-7 2
fe=(84)

fn=(306)
36 10
fi=(234) ./string/../sysdeps/x86_64/multiarch/strpbrk.c
-7 2
fe=(84)

fn=(396)
36 10
fi=(235) ./string/../sysdeps/x86_64/multiarch/strspn.c
-7 2
fe=(84)

fl=(102)
fn=(372)
38 4
+1 2
-1 4
+1 4
+3 4
+4 6
+3 6
fi=(110) ./string/../sysdeps/x86_64/multiarch/strcpy.c
-20 2
fe=(102)

fn=(388)
38 4
+1 2
-1 4
+1 4
+3 4
+4 6
+3 6
fi=(114) ./string/../sysdeps/x86_64/multiarch/stpcpy.c
-16 2
fe=(102)

fn=(350)
38 2
+1 1
-1 2
+1 2
+3 2
+4 3
+3 3
fi=(103) ./string/../sysdeps/x86_64/multiarch/strcat.c
-20 1
fe=(102)

fl=(207)
fn=(2662)
34 2
-3 1
+13 1
+6 1
cob=(2)
cfi=(51)
cfn=(2664) 0x0000000004872360
calls=1 -50 
* 127
+2 1
+1 1
-1 1
cfi=(208) ./io/../sysdeps/unix/sysv/linux/close_nocancel.c
cfn=(2666) __close_nocancel
calls=1 -26 
* 5

fl=(177)
fn=(980)
65 203
+1 203
+1 203
+3 203
+2 203
+1 203
+3 203
+1 203
+8 203
+1 203
+1 201
+5 402
+26 2
+13 2
+1 2
+1 2
+6 4
+82 2
+15 2
+6 2
+1 2
+1 2

fl=(202)
fn=(2618) __alloc_dir
93 5
+3 2
+27 1
+2 1
+2 1
+1 1
+1 1
+1 1
+1 1
+3 4
-22 7
+3 2
cob=(2)
cfi=(51)
cfn=(982)
calls=1 0 
* 161
+1 2

fn=(2614) opendir_tail
45 6
+1 2
+7 4
cfi=(204)
cfn=(2616)
calls=1 -24 
* 13
* 2
+2 4
+8 5
cfn=(2618)
calls=1 +30 
* 190
+1 7

fn=(2610)
33 2
+49 1
+4 3
cfi=(203) ./io/../sysdeps/unix/sysv/linux/open64_nocancel.c
cfn=(2612) __open_nocancel
calls=1 -58 
* 24
+1 1
-1 2
cfn=(2614)
calls=1 -41 
* 233

fl=(218) ./misc/./misc/tsearch.c
fn=(2810) tfind
372 3
+4 2
+6 6
-5 1
+17 5

fl=(144)
fn=(530)
30 20
+2 20
cfi=(145) ./setjmp/../sysdeps/x86_64/setjmp.S
cfn=(532) __sigsetjmp
calls=20 * 
* 520

fl=(217) ./locale/./locale/localename.c
fn=(2808) __current_locale_name
25 8
+1 2

fl=(88)
fn=(314)
54 10
+3 6
+7 4
+9 4
+2 4
+10 4
+8 4
+3 10

fl=(167)
fn=(876) _IO_old_init
534 69
-2 69
+2 69
+5 69
-7 69
+2 69
+10 69
-10 69
+16 69
-11 69
-5 69
+16 69
-16 69
+21 69
-16 345
+16 138
+3 69

fn=(874) _IO_no_init
563 621
+1 69
cfn=(876)
calls=69 -30 
* 1518
+1 69
+1 138
+21 69
+1 414
-2 138

fn=(880) _IO_setb
329 621
+1 276
+5 138
-3 69
+3 138
-2 69
+2 138
+3 414

fn=(886)
371 3123
+3 694
fi=(172) ./libio/./libio/libioP.h
940 1715
fe=(167)
389 490
+8 245
+2 490
-20 980
+2 735
+3 490
-9 245
+29 2776
fi=(172)
946 490
fe=(167)
394 490
-1 735
+1 1606
-1 2409
+1 980

fl=(191) ./setjmp/../sysdeps/nptl/jmp-unwind.c
fn=(2168) _longjmp_unwind
27 2
cfi=(192) ./nptl/./nptl/pthread_cleanup_upto.c
cfn=(2170) __pthread_cleanup_upto
calls=1 -2 
* 24

fl=(184)
fn=(1426)
249 263
+25 263
+1 263
+1 263
+2 263
+1 263
+4 263
+4 263
+2 263
+2 263
+3 263
+9 263
+1 526
+4 263
+10 263
+1 263
+3 263
+4 526
953 47
+1 47
+3 47
+1 47
+1 47
+1 47
+2 47
+3 47
+1 47
+4 9
+1 9
1076 38
+1 38

fl=(211)
fn=(2796)
31 1
-2 5
+1 2
+2 1

fl=(208)
fn=(2666)
26 4
+1 1

fl=(115)
fn=(404)
38 5
-1 2
+2 3
+6 2
-3 2
+9 3
+3 4
fi=(236) ./string/../sysdeps/x86_64/multiarch/rawmemchr.c
-23 1
fe=(115)

fn=(394)
38 5
-1 2
+2 3
+6 2
-3 2
+9 3
+3 4
fi=(237) ./string/../sysdeps/x86_64/multiarch/memchr.c
-25 1
fe=(115)

fl=(145)
fn=(532)
32 20
+9 20
+1 40
+1 20
+4 20
+1 20
+1 20
+1 20
+1 20
+2 40
+2 20
+1 20
+3 40
+2 20
+23 20
cfi=(146)
cfn=(534)
calls=20 -56 
* 160

fl=(196)
fn=(2252)
32 2
+5 2
+1 2

fl=(171)
fn=(890)
166 105
-3 35
+3 35
+2 70
+9 35
-9 70
+9 812
+9 70

fl=(190)
fn=(2166)
28 5
+2 1
cfi=(191)
cfn=(2168)
calls=1 -3 
* 26
+2 3
+7 6
cfi=(193) ./debug/../sysdeps/unix/sysv/linux/x86_64/____longjmp_chk.S
cfn=(2172) ____longjmp_chk
calls=1 +24 
* 20

fl=(101)
fn=(348)
38 5
+6 1

fl=(203)
fn=(2612)
28 1
+3 1
-3 4
+3 6
+8 7
+2 5

fl=(164) ./stdlib/../stdlib/strtol_l.c
fn=(830) ____strtol_l_internal
225 3
+54 1
-54 1
+19 1
-19 3
+14 1
-14 3
+26 2
+31 4
+9 6
+2 2
+5 2
+5 1
-6 1
+7 3
+3 3
+10 2
+7 2
524 8
327 4
-82 2
433 5
+26 1
+1 1
-84 1
-1 1
+96 2
-5 2
+5 1
+1 3
-41 2
+2 2
+2 3
+28 3
+3 2
+11 2
+5 3
+1 1
+5 2
+3 1
+15 1
-15 2
-2 2

fl=(113)
fn=(386)
34 5
+1 2
+1 2
+1 3
+3 2
+4 3
+3 4
fi=(238) ./wcsmbs/../sysdeps/x86_64/multiarch/wmemcmp.c
-18 2
fe=(113)

fl=(206) ./dirent/../sysdeps/unix/sysv/linux/getdents64.c
fn=(2634) __getdents
30 6
+2 8
+1 2

fl=(162)
fn=(782)
55 42
+1 42
+1 42
+1 42
+1 42
+3 42
+1 42
+4 42
+1 42
+1 42
+1 42
+1 42
+1 42
+1 42
+1 42
+3 42
+8 42
+2 10
+2 20
+4 32
+1 64

fn=(770)
55 212
+1 212
+1 212
+1 212
+1 212
+3 212
+1 212
+4 212
+1 212
+1 212
+1 212
+1 212
+1 212
+1 212
+1 212
+13 212
+2 424

fl=(118)
fn=(412)
51 4
+7 4
+6 1

fl=(189)
fn=(1950)
26 306
+1 51

fl=(192)
fn=(2170)
25 5
+1 1
+6 2
+1 1
+2 1
+1 5
+23 1
+1 6
-35 2

fl=(209)
fn=(2792)
24 3
cfi=(210)
cfn=(2794)
calls=1 +14 
* 545

fl=(85)
fn=(308)
48 4
+1 2
-1 4
-1 4
+2 4
+3 4
+4 6
+3 6
+20 2

fl=(205)
fn=(2632)
32 8
+5 8
-5 8
+5 8
-5 24
+5 8
-5 16
+2 16
+3 16
+7 8
+7 16
+21 7
+2 7
+2 7
+2 7
+3 7
-5 7
+2 7
+3 7
-37 24
+7 8
cfi=(206)
cfn=(2634)
calls=2 -21 
* 16
+1 4
+14 4
-9 1
+5 1
+1 2
+21 32
+4 56

fl=(86)
fn=(316)
41 4
-1 2
+2 3
+3 2
+4 3
+3 3
fi=(89) ./wcsmbs/../sysdeps/x86_64/multiarch/wcslen.c
-23 1
fe=(86)

fn=(310)
41 4
-1 2
+2 3
+3 2
+4 3
+3 3
fi=(87) ./wcsmbs/../sysdeps/x86_64/multiarch/wcsnlen.c
-22 1
fe=(86)

fl=(128)
fn=(446)
38 1
+1 7
+1 1

fl=(160)
fn=(732)
24 4
fi=(161) ./misc/../sysdeps/unix/sysv/linux/brk.c
+13 4
+1 4
+6 2
+1 2
fe=(160)

fl=(193)
fn=(2172)
63 1
+1 1
+1 1
+2 2
+1 2
+1 2
+11 1
+1 1
+75 1
+1 1
+1 1
+1 1
+1 1
+2 1
+1 1
+1 1
+3 1

fl=(194)
fn=(2240)
24 4
+1 4
cfi=(195) ./nptl/./nptl/pthread_sigmask.c
cfn=(2242) pthread_sigmask@@GLIBC_2.32
calls=4 * 
* 100
+1 8
+4 8

fl=(183)
fn=(1268)
26 6
+1 1

fl=(154)
fn=(650)
41 1136
+1 568

fl=(163)
fn=(828)
106 4
cfi=(164)
cfn=(830)
calls=1 225 
* 98

fl=(182)
fn=(1122)
27 6
+1 1

fl=(98)
fn=(340)
44 4
-1 2
+24 2
-22 3
+3 2
+4 3
+3 4

fl=(93)
fn=(326)
43 4
+1 2
-1 4
-1 4
+2 4
+3 4
+4 6
+3 6
+11 2

fl=(195)
fn=(2242)
25 16
+5 8
+2 4
fi=(239) ./nptl/../sysdeps/unix/sysv/linux/sigsetops.h
+64 4
fe=(195)
-64 8
+8 20
+5 20
+1 20

fl=(214)
fn=(2802)
485 16
+9 1
+14 2
+4 4
+9 2
+4 1
-4 2
+4 1
cfi=(215)
cfn=(2804)
calls=1 298 
* 23
+3 2
cfi=(215)
cfn=(2804)
calls=1 298 
* 23
+17 1
-11 2
+10 1
+1 1
+2 1
-1 1
+5 1
-4 1
+4 1
cfi=(217)
cfn=(2808)
calls=1 25 
* 5
+16 1
-16 1
+9 1
+7 1
cfi=(215)
cfn=(2804)
calls=1 298 
* 23
+2 4
cfi=(218)
cfn=(2810)
calls=1 372 
* 17
+2 1
-2 2
+2 1
cfi=(219)
cfn=(2812)
calls=1 30 
* 38
+2 2
+28 5
fi=(220) ./intl/../include/../locale/localeinfo.h
222 6
fe=(214)
1539 1
cfi=(217)
cfn=(2808)
calls=1 25 
* 5
+29 1
-29 1
+29 1
650 2
cfi=(177)
cfn=(980)
calls=1 65 
* 13
* 1
+1 1
-1 2
+1 1
cfi=(177)
cfn=(980)
calls=1 65 
* 13
* 1
+4 1
-4 5
+4 1
-4 1
+4 1
cfi=(188)
cfn=(2526)
calls=1 62 
* 25
* 1
* 5
cfi=(178)
cfn=(1022)
calls=1 251 
* 16
* 1
+5 1
-5 1
+5 1
cfi=(177)
cfn=(980)
calls=1 65 
* 13
* 1
* 3
+49 2
-49 3
+9 3
+2 2
+25 4
833 2
cob=(2)
cfi=(51)
cfn=(2664)
calls=1 0 
* 4
+2 2
cfi=(219)
cfn=(2812)
calls=1 30 
* 38
+2 2
cfi=(219)
cfn=(2812)
calls=1 30 
* 38
+15 3
+4 3
587 1
857 12
616 3
1568 2
616 2
+44 2
+24 3
-1 3
+6 1
-4 1
+4 3

fl=(157)
fn=(718)
29 6
+1 1

fl=(168) ./libio/./libio/strops.c
fn=(878) _IO_str_init_static_internal
36 552
+4 138
+6 345
cfi=(167)
cfn=(880)
calls=69 329 
* 1863
+5 207
-3 69
+1 69
+1 69
+3 69
+1 69
+1 69
+9 69
+1 414
-23 69
+1 345

fl=(166)
fn=(872)
95 897
+4 69
+5 138
+9 140
-3 245
cfi=(167)
cfn=(874)
calls=35 563 
* 1540
* 238
cfi=(167)
cfn=(874)
calls=34 563 
* 1496
+3 207
-2 69
+2 69
-2 69
+1 69
+1 69
cfi=(168)
cfn=(878)
calls=69 -77 
* 4416
+1 345
cfi=(169)
cfn=(882)
calls=69 684 
* 51792
+2 138
+1 70
+2 759
-13 136

fl=(137)
fn=(492)
31 2
-1 4
+1 3
+2 3
cfi=(138)
cfn=(496)
calls=1 +21 
* 21
* 1
+4 5
+1 3
+2 4

fl=(158)
fn=(728)
26 4
-1 2
+4 2
cfi=(159)
cfn=(730)
calls=2 +8 
* 62
+1 4
+4 4

fl=(130)
fn=(450)
50 1
+1 2
-1 4
+1 3
cob=(1)
cfi=(11)
cfn=(28)
calls=1 408 
* 19
cob=(1)
cfi=(131)
cfn=(458)
calls=1 +25 
* 807
* 5
+2 4
cob=(1)
cfi=(11)
cfn=(28)
calls=1 408 
* 20
* 1
+2 6

fl=(143) ./csu/../sysdeps/nptl/libc_start_call_main.h
fn=(528) (below main)
29 2
+15 1
-15 5
+15 1
cfi=(144)
cfn=(530)
calls=1 -14 
* 28
+2 2
+5 2
+1 2
+3 2
+3 6
cob=(5)
cfi=(140)
cfn=(536)
calls=1 -58 
* 213263

fl=(141)
fn=(504)
242 11
+69 3
+1 3
cfi=(142)
cfn=(506)
calls=1 70 
* 70
+25 6
+6 2
-3 2
+10 2
cob=(1)
cfi=(49)
cfn=(526)
calls=1 119 
* 4
cob=(1)
cfi=(131)
cfn=(458)
calls=1 76 
* 807
* 5
+2 2
+8 4
cfi=(143)
cfn=(528)
calls=1 29 
* 213314
128 2
+6 3
+1 6
cob=(2)
cfi=(51)
cfn=(512) 0x000000000010c000
calls=1 0 
* 6
+3 1
+1 2
+3 2
+1 2
-1 1
+2 7
+1 4
cob=(5)
cfi=(140)
cfn=(516)
calls=1 0 
* 12
-1 4

fl=(185)
fn=(1594)
88 248
+8 372
fi=(186) /usr/lib/gcc/x86_64-linux-gnu/12/include/emmintrin.h
1335 102
+98 34
fe=(185)
122 68
+10 124
+4 22
+3 22
-3 22
fi=(186)
703 22
fi=(240) /usr/lib/gcc/x86_64-linux-gnu/12/include/tmmintrin.h
138 44
fi=(187) /usr/lib/gcc/x86_64-linux-gnu/12/include/smmintrin.h
686 22
fe=(185)
144 22
-8 75
+3 75
-3 75
fi=(186)
703 75
fi=(240)
138 150
fi=(187)
686 75
fe=(185)
144 75
+4 67
fi=(187)
633 67
fe=(185)
150 67
-2 201
+1 38
-50 124
fi=(186)
1335 124
fe=(185)
99 124
fi=(186)
1335 248
+98 124
fe=(185)
104 124
+1 248
+2 90
fi=(186)
703 90
fe=(185)
109 90
fi=(186)
703 90
fi=(240)
138 90
fe=(185)
-29 180
+21 54
+32 90
+4 15
fi=(187)
633 15
+53 30
+24 15
-24 15
+24 15
fe=(185)
160 30
fi=(187)
633 75
+53 150
+24 75
-24 75
+24 75
fe=(185)
160 150
+1 180
fi=(187)
633 30
fe=(185)
163 90
+5 30
-23 60

fn=(1644)
88 130
+8 195
+3 33
fi=(186)
1335 33
fe=(185)
99 33
fi=(186)
1335 66
+98 33
fe=(185)
104 33
+1 66
+2 33
fi=(186)
703 33
fe=(185)
109 33
fi=(186)
703 33
fi=(240)
138 66
fe=(185)
-29 87
fi=(186)
1335 96
+98 32
fe=(185)
122 64
+10 108
+4 12
+3 12
-3 12
fi=(186)
703 12
fi=(240)
138 24
fi=(187)
686 12
fe=(185)
144 12
-8 12
+3 12
-3 12
fi=(186)
703 12
fi=(240)
138 24
fi=(187)
686 12
fe=(185)
144 12
+4 24
fi=(187)
633 24
fe=(185)
148 72
+2 12
+12 92
fi=(187)
686 94
+24 47
-24 47
+24 47
fe=(185)
160 94
+1 3
-72 64
+79 64

ob=(4)
fl=(135)
fn=(484)
0 12

ob=(2)
fl=(51)
fn=(512)
0 6

fn=(982)
0 2
cob=(3)
cfi=(155)
cfn=(712)
calls=2 3281 
0 335

fn=(2664)
0 2
cob=(3)
cfi=(155)
cfn=(1968)
calls=2 3350 
0 129

fn=(480)
0 6

totals: 403861
